2267  7.18034 11.2681 0.282045 -259.807 -11.1298 13.0567 
672  -261.169 -24.9263 88.852 -510.272 1471.99 -765.933 
621  57.0859 -11.9816 -65.2937 -1185.36 765.304 -445.804 
580  291.796 -21.8604 -163.487 -444.015 -1851.17 -2019.96 
577  50.9542 -39.1485 56.2343 -431.07 -1296.07 -505.248 
540  -288.166 6.41373 -57.2032 152.554 -937.367 -284.334 
532  238.569 -117.84 108.184 1479.14 595.318 -1740.97 
514  -268.834 -23.9044 50.7838 -76.7057 1027.35 -329.385 
455  -201.3 120.107 -174.984 1526.07 -390.958 -1670.79 
452  -263.043 -36.7639 127.261 -716.708 1687.88 -1387.28 
447  -46.643 43.0339 -42.9811 557.591 522.078 -256.826 
420  272.89 41.6713 153.321 661.405 1555.96 -1643.54 
413  -295.575 10.1609 -100.551 183.043 -1495.02 -833.893 
413  189.685 -65.3789 -96.0378 -1386.43 -1266.18 -1173.18 
400  -300.174 11.1828 -138.534 210.55 -1757.75 -1472.79 
399  -3.6355 46.5257 30.0039 339.658 -605.74 -180.179 
381  -101.999 48.9102 204.929 -1960.52 -335.006 -2360.7 
380  -152.16 102.734 -108.216 1407.27 -517.256 -1255.28 
368  -104.043 -49.7939 153.491 -1904.99 -733.996 -1890.77 
366  -12.4074 6.83952 -32.8464 -280.076 599.662 -92.8866 
334  -66.8266 -77.5573 -197.297 1050.94 1109.02 -2430.02 
324  -59.8434 -27.0553 -277.776 316.749 372.872 -3483.84 
314  -192.357 104.522 127.175 -1980.7 303.464 -1403.21 
306  -40.2557 -64.0163 294.266 411.706 -708.873 -3341.61 
301  73.0114 -50.2199 -14.1105 -1242.08 -548 -400.156 
297  -20.3274 -34.5498 -244.392 273.401 1132.1 -3131.69 
294  -139.897 -48.0908 80.0801 -1678.03 581.777 -866.851 
293  -216.629 33.8365 147.274 -1626.68 1157.74 -1597.72 
283  111.335 45.1631 -166.297 -1978.15 447.986 -1837.46 
279  18.8478 -51.1567 -190.654 -444.441 1735.06 -2362.66 
278  308.148 -4.74269 -188.014 -129.507 -1746.5 -2384.21 
275  0.878245 12.4605 41.7566 -260.829 -752.988 -150.116 
274  -295.575 -89.2247 279.362 -1492.8 377.47 -3033.66 
256  -295.916 17.3148 -222.846 446.198 -1341.72 -2830.55 
245  -9.34139 57.5119 -4.40186 580.415 3.94397 -179.668 
242  276.552 23.276 102.052 335.485 1424.13 -834.489 
234  136.629 -53.3709 -71.7662 -1616.29 -635.122 -814.135 
228  -236.131 -17.1765 -147.476 1219.65 -1084.36 -1692.08 
219  40.9902 33.9215 -172.429 -1235.35 1481.87 -1968.35 
218  22.5949 -44.3436 42.949 -973.816 -1021 -475.611 
214  -21.0088 61.6848 65.432 184.576 -1352.03 -646.619 
211  304.741 -34.635 -285.185 -646.278 -483.957 -3517.39 
210  -281.353 -49.3681 177.592 -777.515 1678.94 -2238.75 
202  -18.4538 26.0866 -62.1427 118.489 1049.07 -364.558 
200  -293.106 -45.11 226.22 -808.855 1293.06 -2938.71 
199  -199.341 61.9402 -100.977 1030.08 -984.377 -929.787 
193  -309.202 4.02917 -171.322 103.074 -1806.97 -2082.56 
192  2.15561 24.4684 28.2156 -24.3301 -510.783 -68.7002 
181  -90.9278 -97.5708 -116.988 604.005 1625.45 -1685.95 
181  -190.399 -1.9321 4.11438 -162.21 216.767 -8.40461 
176  8.45771 120.362 -270.367 -1907.72 646.416 -2050.11 
169  272.464 -0.484324 -1.16573 -24.9263 -148.073 -3.37988 
167  -248.054 -45.1952 1.21883 572.75 608.263 -285.611 
165  -143.474 46.7813 -69.2964 1060.14 -296.512 -567.502 
164  -197.127 33.0699 148.381 -1840.95 859.069 -1547.65 
162  -217.566 23.787 106.395 -1552.67 992.35 -1031.47 
162  229.542 13.9082 29.3228 152.128 344.768 -66.5713 
160  -241.071 -71.8514 -34.4646 1194.19 426.184 -766.784 
158  100.179 -45.11 -16.1545 -1012.91 -726.672 -323.764 
157  17.6554 -31.3986 -175.24 -671.316 1745.19 -2185.61 
155  -35.7422 33.0699 243.423 -1287.47 -898.447 -2991.76 
152  -296.257 20.3805 -169.023 369.976 -1771.2 -2031.97 
147  -291.743 -80.4528 267.695 -1379.88 555.547 -3072.41 
146  253.643 -11.3002 63.7288 734.901 719.146 -433.796 
145  -106.598 47.1219 93.3655 -1384.39 -979.693 -774.79 
144  22.6801 33.4957 237.718 -613.405 -1424.42 -2887.18 
139  -33.8684 24.298 -167.66 44.7373 1779.51 -1934.03 
137  -134.617 61.8553 -43.577 701.006 -601.227 -363.195 
136  256.964 -18.4538 -60.0136 -351.102 -1211.93 -456.534 
132  181.595 -80.6232 -146.284 -1874.08 -768.743 -1883.36 
129  104.096 57.7673 -235.109 -1862.67 -158.803 -2561.69 
121  92.0029 -90.7577 -63.1647 -1910.87 -423.746 -1246.08 
109  -222.761 -96.9746 188.408 -1808.33 802.01 -2277.41 
101  197.52 6.66935 95.8353 1244.26 483.754 -881.584 
