30 11070
201 3955
201 5321
201 15869
201 28345
330 24356
559 5819
559 11686
559 18103
559 22272
573 1836
573 19860
577 2637
577 6700
591 1030
591 1531
591 3045
591 3632
591 11641
591 14030
591 14463
591 14669
591 15157
591 16661
591 16852
591 18677
591 18771
591 23346
598 1845
598 2885
598 3457
598 5587
598 10270
598 12845
598 18719
598 19237
598 19315
598 22035
598 24120
598 29664
598 29676
622 12446
622 16902
636 914
636 957
636 16321
636 21133
636 24764
636 24828
636 25618
636 25626
636 27349
636 29523
639 4567
639 6757
639 12465
639 14513
655 2998
655 4301
655 4507
655 4512
655 4623
655 4776
655 6888
655 15302
655 19062
655 24844
655 27277
667 950
667 3352
667 4075
667 4895
667 5551
667 5802
667 6302
667 6352
667 6604
667 11678
667 13018
667 14557
667 14627
667 15590
667 16155
667 19008
667 21184
667 21527
667 21594
667 23649
667 27768
667 29608
684 4053
701 3867
701 5536
701 18360
701 23400
701 27004
701 27304
701 28607
716 6509
721 875
721 917
721 2796
721 12175
721 13468
721 14284
721 14389
721 14476
721 14502
721 16333
721 17756
721 17920
721 23157
721 29352
732 647
732 899
732 2681
732 2975
732 3596
732 6064
732 6088
732 6199
732 6301
732 6656
732 14035
732 14209
732 14412
732 15003
732 15203
732 15308
732 19220
732 21592
732 21751
741 1504
741 4695
741 5481
741 13992
741 15356
741 18422
741 29580
763 4399
763 5636
763 16558
775 1576
775 2167
775 2380
775 7108
775 12265
775 12324
775 12393
775 13074
775 13547
775 14131
775 15573
775 18144
775 18334
775 18350
775 18637
775 28287
775 28536
775 29085
788 3795
788 7210
788 9802
788 14279
788 19254
788 21537
790 4538
790 5728
790 6333
790 12822
790 13798
790 14712
790 18096
790 22402
790 22827
790 23140
790 23953
790 24901
790 25391
790 29602
803 4439
803 22833
803 24439
832 1256
832 1853
832 2343
832 2819
832 6031
832 12452
832 14125
832 14859
832 14941
832 19821
832 22950
832 23091
832 24190
832 26955
832 28740
832 29424
832 29654
859 891
859 1043
859 1944
859 4393
859 4818
859 7065
859 12287
859 13189
859 14008
859 14562
859 18017
859 22146
859 24420
859 28432
859 28636
866 3025
866 3193
866 4655
866 4750
866 10011
866 13655
866 14637
866 15521
866 18933
866 18986
925 638
925 3994
925 4764
925 13092
925 13868
925 14304
925 16792
925 21188
925 27057
925 29083
979 9102
979 9254
979 17458
1002 3428
1002 21023
1002 28205
1096 6976
1096 16015
1181 2846
1181 4502
1181 10406
1181 30004
1215 1214
1215 1648
1215 2096
1215 3145
1215 10804
1215 11025
1215 11548
1215 13309
1215 13953
1215 18321
1215 18592
1215 23547
1215 24028
1215 24963
1215 29977
1252 3705
1252 4978
1252 5538
1252 28739
1282 25940
1381 651
1381 1352
1381 4891
1381 6206
1381 12115
1381 12709
1381 13324
1381 14527
1381 14830
1381 18412
1381 18415
1381 19395
1381 19572
1381 21749
1381 22102
1381 27962
1381 29613
1389 6639
1389 13380
1389 18553
1389 29800
1394 16185
1422 5444
1422 6906
1422 18518
1422 20664
1422 22118
1422 22333
1422 22374
1422 24123
1422 24576
1466 346
1466 21478
1525 5710
1525 6160
1537 2478
1537 5814
1537 21573
1537 22715
1537 23189
1537 23299
1564 2919
1564 20805
1564 23869
1580 2207
1580 30399
1599 1187
1599 3004
1599 5322
1599 5936
1599 11643
1599 13946
1599 15495
1599 16070
1599 21119
1599 29673
1670 12039
1670 15214
1670 29345
1718 5385
1777 1309
1777 4041
1777 4392
1777 5631
1777 22755
1777 26479
1777 28024
1803 15788
1803 18155
1803 18748
1803 19064
1803 19066
1803 21214
1803 21305
1822 1645
1822 1773
1822 6580
1822 14462
1822 14535
1822 15422
1822 18363
1822 25095
1822 25452
1822 28047
1825 4799
1825 4800
1825 17323
1825 17711
1825 18899
1825 26703
1825 29867
1828 13768
1842 1147
1842 3002
1842 3474
1842 5929
1842 11744
1842 13360
1842 14193
1842 15159
1842 18608
2009 3252
2046 2049
2046 2356
2046 6633
2046 23102
2046 24260
2132 1149
2132 1621
2132 2096
2132 3145
2132 6485
2132 9867
2132 11025
2132 12779
2132 13309
2132 14850
2132 22262
2144 2140
2144 6706
2241 3423
2241 3581
2241 13805
2241 17989
2241 19048
2241 22080
2241 22132
2241 30298
2247 4406
2247 7501
2247 21412
2255 2171
2255 5907
2255 10935
2255 11171
2255 12260
2255 14019
2255 14522
2255 14851
2255 19286
2255 23411
2255 23706
2255 28329
2262 2448
2262 3824
2262 7896
2262 11680
2262 18737
2262 23195
2262 23315
2262 28349
2262 29246
2270 17687
2270 25934
2323 2269
2323 2280
2323 3441
2323 3578
2323 3651
2323 4670
2323 5246
2323 15111
2323 27856
2323 29086
2323 29953
2329 707
2329 1269
2329 1904
2329 3353
2329 4873
2329 5205
2329 6539
2329 7588
2329 13085
2329 15259
2329 16243
2329 16660
2329 16725
2329 18236
2329 22983
2329 29739
2348 1062
2348 4321
2348 4593
2348 5910
2348 10928
2348 12252
2348 18285
2348 18446
2348 21426
2360 2798
2360 4711
2360 14338
2360 29559
2385 1102
2385 3804
2385 7897
2385 18157
2385 18485
2385 19217
2385 19226
2385 19307
2385 22494
2385 23897
2385 24289
2385 28375
2427 6170
2427 21637
2427 21681
2433 1331
2433 4305
2433 5065
2433 6903
2433 14661
2433 15477
2433 25658
2455 2622
2455 23392
2474 17837
2474 20740
2474 22257
2491 21897
2491 22060
2524 1684
2524 3228
2524 6755
2524 9815
2524 16164
2524 25230
2549 22637
2617 5833
2617 11912
2617 13585
2617 14350
2617 14821
2617 18955
2617 22767
2617 28608
2617 29275
2666 4370
2666 12399
2666 21037
2666 29128
2759 14886
2759 15680
2759 16913
2759 17833
2759 19800
2759 25414
2772 3254
2772 4498
2772 5763
2772 7892
2772 9944
2772 15515
2772 16307
2772 18179
2772 18315
2772 26115
2773 659
2773 5723
2773 8133
2773 10837
2773 11458
2773 12646
2773 13266
2773 14163
2773 14734
2773 15126
2773 22251
2773 22974
2778 2537
2778 5878
2778 14915
2778 25920
2778 27273
2778 27569
2778 30425
2808 601
2808 1034
2808 3739
2808 3752
2808 17877
2808 18011
2808 18845
2843 2208
2843 2835
2843 11293
2843 16562
2843 20841
2843 23645
2843 24247
2843 25747
2843 29459
2874 1627
2874 2707
2874 3587
2874 6202
2874 11643
2874 12327
2874 12665
2874 13094
2874 15314
2874 15446
2874 18395
2875 2482
2875 2592
2875 3237
2875 5900
2875 6235
2875 6279
2875 10076
2875 12656
2875 12671
2875 14561
2875 17934
2875 22493
2875 26346
2875 26372
2875 28433
2922 1289
2922 1359
2922 9262
2922 10300
2922 30289
2925 1045
2925 3093
2925 6350
2925 7565
2925 7644
2925 11698
2925 12710
2925 14147
2925 15730
2925 16497
2925 17859
2925 17913
2925 18312
2925 18597
2925 22228
2925 23466
2925 28561
2925 29700
2947 25368
2956 813
2956 2263
2956 9211
2956 10678
2956 11959
2956 12017
2956 17643
2956 18498
2956 19132
2956 19396
2956 21026
2956 21560
2956 23155
2956 29560
3045 591
3045 1531
3045 3632
3045 11641
3045 12730
3045 13742
3045 14030
3045 14463
3045 14669
3045 15157
3045 16661
3045 18677
3045 18771
3045 23346
3055 2092
3055 3454
3055 3475
3055 3633
3055 5007
3055 6372
3055 10050
3055 12602
3055 12771
3055 12832
3055 21120
3055 23841
3055 28116
3055 28522
3064 1092
3064 3333
3064 3840
3064 6040
3064 6660
3064 7162
3064 12253
3064 12708
3064 14688
3064 15901
3064 16126
3064 16423
3064 19175
3064 19622
3064 21791
3064 22345
3064 22897
3064 23638
3064 28211
3064 29660
3080 1152
3080 2612
3080 3019
3080 4583
3080 5756
3080 5925
3080 12970
3080 13643
3080 14295
3080 14296
3080 14444
3080 15153
3080 18400
3080 19231
3080 21664
3080 23403
3080 29670
3088 2927
3088 2953
3088 3856
3088 17966
3088 18074
3088 29319
3122 3448
3122 3694
3122 14450
3122 18133
3122 21746
3122 28791
3122 29174
3157 513
3157 12535
3157 13100
3157 15463
3163 1167
3163 2285
3163 3426
3163 4220
3163 4508
3163 4797
3163 4854
3163 10685
3163 13911
3200 10519
3200 11395
3200 11708
3200 15132
3200 15429
3200 28071
3217 12248
3217 22727
3217 29202
3231 7765
3231 21557
3231 24025
3269 9283
3269 14647
3269 21330
3269 21759
3269 21886
3269 29492
3422 1398
3422 3848
3422 4381
3422 4657
3422 14342
3422 14798
3422 16592
3422 19400
3422 20293
3422 21051
3422 22599
3422 25009
3455 2912
3455 4138
3455 5745
3455 8088
3455 14701
3455 17645
3455 17673
3455 19094
3455 26977
3469 1220
3469 3007
3469 6470
3469 11155
3469 12027
3469 18343
3469 19411
3469 30177
3493 2526
3493 14655
3575 705
3575 1153
3575 1568
3575 2797
3575 3234
3575 3382
3575 4945
3575 14622
3575 28812
3575 29470
3598 4505
3598 17901
3598 19352
3598 23779
3638 1034
3638 3241
3638 6046
3638 12117
3638 13524
3638 14788
3638 14831
3638 17877
3638 18549
3638 18914
3638 22290
3678 4380
3678 11455
3678 14397
3678 17277
3678 23134
3678 23809
3690 4766
3690 5268
3690 5731
3690 6360
3690 8673
3690 10970
3690 10973
3690 12194
3690 12309
3690 13136
3690 14126
3690 18833
3690 20849
3690 23891
3752 601
3752 2808
3752 3739
3752 13377
3752 15820
3752 17877
3752 18011
3752 18845
3789 4304
3789 14838
3789 15080
3789 15467
3789 25485
3789 29423
3789 29728
3801 1240
3801 3408
3801 4221
3801 5511
3801 7093
3801 12262
3801 14167
3801 14792
3801 15694
3801 16569
3801 29663
3801 29724
3804 1102
3804 2385
3804 2698
3804 9267
3804 14962
3804 18157
3804 18485
3804 18868
3804 19058
3804 19217
3804 24289
3804 28375
3812 5578
3836 711
3836 739
3836 2239
3836 2898
3836 2976
3836 12724
3836 12775
3836 13202
3836 13413
3852 686
3852 2287
3852 2963
3852 5085
3852 7047
3852 15130
3852 16063
3852 17598
3852 17937
3852 18097
3852 18294
3852 18891
3852 28286
3853 613
3853 773
3853 5469
3853 12472
3853 13373
3853 13545
3853 25018
3853 28531
3853 29807
3876 977
3876 4398
3876 6211
3876 11958
3876 12267
3876 16234
3876 21012
3876 23852
3876 29659
3876 30475
3890 867
3890 970
3890 1485
3890 5448
3890 6416
3890 6522
3890 10048
3890 12984
3890 19010
3890 19105
3890 29531
3890 30175
4003 6797
4003 10689
4003 15399
4003 24217
4028 1530
4028 4700
4028 8919
4028 11450
4028 12637
4028 17777
4028 19207
4045 24585
4069 2459
4069 7084
4069 12330
4069 12462
4069 24984
4080 2723
4080 4808
4080 26213
4144 21114
4144 23619
4151 5605
4151 18617
4151 19425
4151 20610
4151 24321
4153 793
4153 1368
4153 1486
4153 5611
4153 6601
4153 11216
4153 13648
4153 14996
4153 16886
4153 18381
4153 29583
4185 1498
4185 17752
4232 11508
4232 15918
4282 18169
4282 22957
4282 24539
4282 26492
4282 28686
4354 849
4354 3260
4354 3614
4354 6093
4354 11252
4354 12138
4354 12664
4354 12905
4354 13196
4354 13369
4354 16481
4390 8087
4390 9701
4390 15602
4407 940
4407 1223
4407 1683
4407 1810
4407 2093
4407 2847
4407 7866
4407 10135
4407 12727
4407 16431
4407 17880
4407 23252
4407 23660
4449 987
4449 7102
4449 9240
4449 18036
4449 18931
4449 22300
4449 23789
4461 4311
4461 4638
4461 5534
4461 10682
4461 14154
4461 22505
4470 13372
4562 1182
4562 3032
4562 4101
4562 4388
4562 4453
4562 4801
4562 8920
4562 11563
4562 11691
4562 11745
4562 13824
4562 14533
4562 22450
4562 22498
4562 23520
4562 26599
4562 26845
4562 27803
4562 29745
4572 5465
4572 6381
4572 6497
4572 7554
4572 7633
4572 13271
4572 15851
4572 17683
4572 18988
4572 21190
4572 26934
4572 28724
4578 1217
4578 2363
4578 4665
4578 5788
4578 5813
4578 7214
4578 10873
4578 13525
4578 13661
4578 15253
4578 18686
4578 21991
4578 22254
4578 22719
4578 28802
4601 15074
4601 29497
4608 6918
4608 15929
4608 24630
4649 927
4649 1184
4649 3489
4649 6092
4649 7645
4649 12125
4649 12404
4649 14134
4649 16574
4649 23510
4649 23710
4649 26210
4660 5061
4660 7441
4660 21294
4696 10492
4696 22572
4696 24118
4713 2290
4713 2362
4713 2443
4713 2533
4713 5544
4713 13747
4713 14292
4713 16378
4713 16428
4713 16429
4713 17840
4713 18543
4713 20727
4713 25392
4713 26562
4728 18943
4728 21450
4728 22427
4762 7763
4762 18825
4762 22481
4781 22198
4781 24902
4781 28075
4792 1143
4792 8022
4792 21254
4792 23486
4792 28634
4794 2126
4794 3564
4794 9702
4794 16017
4794 18958
4814 1612
4814 5807
4814 5846
4814 6028
4814 6121
4814 13032
4814 13042
4814 15189
4814 18105
4814 18694
4814 18932
4814 22896
4814 29542
4830 1480
4830 1640
4830 3262
4830 5442
4830 11600
4830 12729
4830 13209
4830 14414
4830 15260
4830 15963
4830 19316
4830 23006
4836 2316
4836 2627
4836 3912
4836 6825
4836 19370
4836 20916
4854 1167
4854 2285
4854 3163
4854 4387
4854 4797
4854 4853
4854 5906
4854 19941
4854 25045
4854 25179
4855 4683
4855 6458
4855 6609
4855 11971
4855 14153
4855 17641
4855 17712
4855 21616
4909 7469
4909 26411
4918 16831
4918 25101
4935 689
4935 4827
4935 6145
4935 6480
4935 11317
4935 11598
4935 15988
4935 18788
4935 19295
4974 4787
4974 10090
4974 13913
4974 13914
4974 14978
4974 24820
4974 28824
4989 7754
4989 20535
5029 3043
5029 6784
5029 7650
5029 13551
5029 17738
5029 19325
5037 5227
5037 10047
5037 12476
5037 25539
5040 6948
5040 16080
5040 16379
5040 16591
5040 23083
5040 23595
5115 1048
5115 17751
5115 24739
5129 10156
5129 17112
5156 4386
5156 11944
5156 20373
5156 22506
5254 7606
5254 7724
5254 17707
5254 18224
5254 19662
5254 20792
5254 21161
5254 21496
5254 21654
5254 24342
5254 25389
5254 29524
5286 966
5286 14374
5286 28958
5307 5213
5307 13897
5307 23278
5315 2295
5315 5622
5315 10468
5315 12469
5315 13104
5315 14852
5315 14896
5315 15020
5315 15543
5315 18140
5315 18827
5315 19232
5315 19366
5315 19933
5315 22829
5315 22888
5315 23080
5315 29682
5315 29850
5315 29993
5315 30418
5411 3272
5411 8961
5481 741
5481 1504
5481 4695
5481 13992
5481 15356
5481 18422
5481 29580
5538 999
5538 1252
5538 3705
5538 6691
5538 8087
5538 19102
5538 28739
5554 3409
5554 5643
5554 11059
5554 12270
5554 12594
5554 12595
5554 12733
5554 15309
5554 16584
5554 17622
5554 18749
5554 19312
5554 19393
5554 21658
5554 25355
5554 28372
5554 29078
5554 29573
5576 1209
5576 5687
5576 15261
5576 23525
5587 598
5587 2507
5587 2885
5587 3457
5587 12273
5587 12845
5587 18382
5587 18719
5587 19093
5587 19237
5587 23524
5587 29664
5607 1531
5607 2946
5607 3190
5607 3679
5607 4706
5607 5684
5607 11798
5607 11973
5607 12578
5607 13742
5607 14463
5607 18586
5607 23346
5652 6646
5652 10867
5652 14766
5652 18014
5668 6107
5668 11202
5668 17612
5668 26063
5668 29688
5668 30080
5713 650
5713 2368
5713 4260
5713 6297
5713 6568
5713 9373
5713 10549
5713 12240
5713 14305
5713 14946
5713 15065
5713 16510
5713 19287
5713 23522
5748 2813
5748 4447
5748 4944
5748 5720
5748 12253
5748 12969
5748 12978
5748 14128
5748 15151
5748 16423
5748 19622
5748 21710
5748 21791
5748 21949
5748 23599
5748 28942
5748 29206
5748 29660
5758 1267
5758 1999
5758 2680
5758 3081
5758 3359
5758 3699
5758 14505
5758 23097
5758 26268
5788 1212
5788 1555
5788 2363
5788 2655
5788 2809
5788 3168
5788 3773
5788 4578
5788 4665
5788 5813
5788 10873
5788 11797
5788 13078
5788 13937
5788 14959
5788 19034
5788 19250
5788 22254
5788 29661
5788 29712
5860 2228
5860 2448
5860 2587
5860 2856
5860 3807
5860 6001
5860 14820
5860 15812
5860 16151
5860 20969
5860 21856
5884 11459
5884 14624
5884 14710
5967 3426
5967 4220
5967 4508
5967 4699
5967 11398
5967 19347
6053 5958
6053 18909
6053 21364
6053 27712
6095 3535
6095 10061
6095 11214
6095 14136
6095 14332
6095 18064
6095 29079
6095 29590
6258 3172
6258 3526
6258 4464
6258 6527
6258 11488
6310 15978
6310 17822
6310 20959
6310 21249
6310 22377
6310 25916
6449 13066
6449 24334
6521 2194
6521 4467
6521 5730
6521 6524
6521 10023
6521 13219
6521 15668
6521 16704
6521 18422
6521 29720
6550 1189
6550 13213
6550 15831
6550 18375
6550 22451
6550 26594
6552 1262
6552 2271
6552 4118
6552 4837
6552 5090
6552 9067
6552 13326
6552 15660
6552 15946
6552 22652
6552 28027
6557 7497
6557 7577
6557 17656
6557 30029
6577 671
6577 1646
6577 1682
6577 3049
6577 6463
6577 6715
6577 12140
6577 12968
6577 13432
6577 14139
6577 17853
6577 18539
6577 19621
6577 23748
6577 24262
6582 25220
6597 735
6597 1007
6597 2958
6597 3379
6597 3710
6597 5468
6597 5585
6597 7615
6597 10839
6597 13366
6597 13367
6597 14254
6597 15984
6597 17852
6597 19029
6597 23702
6597 24069
6597 28982
6606 1084
6606 3197
6606 9272
6606 13777
6606 18156
6606 21428
6606 28638
6792 8120
6792 18561
6792 22844
6792 27747
6792 27897
6792 28130
6802 22807
6802 23867
6817 1442
6817 5416
6817 5639
6817 7052
6817 21454
6817 30434
6818 3912
6818 6650
6818 21246
6818 23385
6818 25317
6818 27879
6818 29048
6829 945
6829 1943
6829 2979
6829 3063
6829 4579
6829 5972
6829 6785
6829 10939
6829 11253
6829 13255
6829 13582
6829 13884
6829 14086
6829 14872
6829 16386
6829 21659
6829 22030
6829 23700
6829 29371
6918 4608
6918 8382
6918 14335
6918 22045
6918 24630
6918 27013
6939 1493
6939 9197
6939 10429
6939 14406
6939 27767
6939 30215
7047 686
7047 1799
7047 2287
7047 3852
7047 5085
7047 6030
7047 6284
7047 9852
7047 13031
7047 15130
7047 16063
7047 17598
7047 18097
7047 18891
7047 19049
7047 28286
7047 29694
7088 11125
7088 12398
7111 884
7111 2003
7111 3051
7111 3415
7111 3478
7111 3713
7111 5717
7111 5810
7111 5870
7111 12137
7111 13011
7111 13526
7111 14069
7111 14222
7111 14449
7111 21392
7111 21660
7111 26031
7111 28431
7111 29483
7111 29657
7121 9109
7121 21589
7121 21770
7127 9101
7127 21211
7127 25487
7127 27070
7131 388
7131 16371
7174 1350
7174 2492
7174 3753
7174 19218
7174 21311
7174 21485
7230 16993
7230 27348
7230 27911
7230 28517
7268 1018
7268 2509
7268 3022
7268 4048
7268 4318
7268 12846
7268 15656
7268 19081
7268 29346
7408 5419
7408 8037
7408 13730
7408 15955
7408 24903
7423 7282
7423 9548
7423 11272
7423 24510
7464 557
7464 2471
7464 7198
7464 9369
7464 17850
7464 21258
7464 28138
7464 28661
7548 17814
7548 22158
7610 4120
7610 9918
7610 10920
7610 18683
7610 22351
7610 28038
7614 862
7614 3415
7614 5810
7614 6399
7614 7640
7614 14130
7614 14222
7614 18049
7614 18431
7614 21948
7614 22945
7614 23654
7614 26031
7614 29141
7614 29358
7626 4145
7626 9216
7626 9846
7626 11434
7626 15462
7626 15846
7626 15857
7626 25224
7626 29056
7727 16677
7727 24402
7816 21168
7816 21409
7816 30042
7872 3977
7872 5270
7872 6345
7872 7197
7872 23834
7872 23901
7872 28312
7879 8107
7879 19766
8817 2782
8817 3439
8817 5147
8817 5201
8817 5829
8817 5962
8817 6127
8817 8188
8817 11805
8817 14238
8817 15131
8817 15659
8817 19369
8817 20848
8817 22076
8817 22163
8817 23544
8869 1210
8869 1549
8869 1577
8869 2167
8869 2709
8869 4584
8869 4650
8869 5718
8869 5979
8869 6146
8869 6607
8869 6657
8869 7160
8869 14208
8869 14814
8869 18637
8869 28743
8869 28767
8869 29517
9047 20342
9047 22638
9047 26033
9047 28095
9111 17557
9111 21257
9111 22142
9179 9549
9179 15636
9179 24567
9211 2263
9211 2956
9211 6315
9211 10678
9211 11903
9211 11959
9211 12017
9211 12071
9211 17643
9211 21026
9211 21386
9211 23150
9230 2943
9230 6912
9230 7118
9230 25710
9277 1463
9277 3701
9277 11841
9277 19309
9277 21291
9277 21742
9277 22772
9277 23753
9277 27550
9314 2336
9314 2724
9314 6007
9314 7520
9314 13961
9314 16418
9314 19031
9314 22184
9314 27568
9319 23770
9321 6025
9321 21512
9321 24763
9321 27305
9322 881
9322 975
9322 2785
9322 3694
9322 12582
9322 14328
9322 18033
9322 19177
9322 19230
9322 26570
9322 28895
9351 22955
9423 24218
9426 9669
9476 1476
9476 3790
9476 4997
9476 5479
9476 5620
9476 5997
9476 6356
9476 11679
9476 14036
9476 15650
9476 16334
9476 16651
9476 16658
9476 18190
9476 23307
9476 23317
9476 23687
9476 24092
9476 25357
9476 28816
9476 29754
9476 29860
9492 3895
9492 6198
9492 6353
9492 6414
9492 7707
9492 10241
9492 13019
9492 13466
9492 13797
9492 15733
9492 16731
9492 18639
9492 19350
9492 25108
9556 22856
9565 14344
9619 7310
9619 9525
9630 17856
9630 20459
9630 25707
9630 28176
9675 382
9675 6287
9675 6344
9675 12313
9675 19114
9675 25773
9675 28716
9703 1183
9703 1824
9703 3799
9703 3830
9703 3846
9703 18768
9703 30259
9714 1261
9714 3026
9714 10805
9714 10943
9714 12467
9714 12726
9714 13038
9714 13265
9714 13540
9714 13838
9714 14337
9714 15667
9714 19072
9714 19947
9714 22002
9715 12030
9715 18756
9715 26904
9715 27767
9715 28565
9740 11816
9740 28752
9742 1106
9744 1870
9744 4598
9744 6827
9744 14726
9744 15247
9744 23915
9744 24310
9744 30081
9760 29992
9807 10245
9807 16970
9807 27964
9812 3305
9812 28484
9812 29623
9981 12597
9981 13703
9981 13841
9981 13873
9981 14303
9981 18792
9981 18995
9981 23413
10024 5471
10024 11457
10024 11498
10024 11908
10024 17819
10024 24452
10032 5403
10035 6500
10035 7901
10035 22751
10035 25134
10048 806
10048 1485
10048 3890
10048 10732
10048 12984
10048 29531
10135 1223
10135 1683
10135 2847
10135 3466
10135 4407
10135 5056
10135 14461
10135 14489
10135 23252
10135 23660
10135 24223
10243 2206
10243 2426
10243 18418
10243 21721
10243 28940
10251 30240
10331 16475
10331 25514
10391 2766
10391 4838
10391 6231
10391 11738
10391 15241
10391 17597
10391 17723
10391 17987
10391 19246
10391 24882
10391 28322
10391 28412
10409 8937
10409 22465
10409 27456
10509 10206
10510 7656
10510 7946
10510 22477
10510 24653
10510 27469
10535 10425
10535 21278
10745 26254
11140 23280
11140 24674
11140 26604
11219 2471
11219 6167
11219 7198
11219 7471
11219 18175
11219 18460
11219 21701
11254 1286
11254 2950
11254 5374
11254 6051
11254 14245
11254 14789
11254 15045
11254 15441
11254 16413
11254 19310
11254 21974
11254 23415
11275 3800
11275 4681
11275 5211
11275 15161
11275 18566
11275 20911
11275 22589
11275 23622
11275 25480
11275 28012
11361 619
11361 2729
11361 4705
11361 11358
11361 13028
11361 14105
11361 14106
11361 14854
11361 16424
11361 17852
11361 18050
11361 18192
11361 18602
11361 18734
11361 18941
11361 19009
11361 19091
11361 23889
11361 27562
11361 27621
11361 29045
11361 29548
11361 29628
11410 1927
11410 3459
11410 3671
11410 3717
11410 5365
11410 6334
11410 6915
11410 7137
11410 8018
11410 9198
11410 11157
11410 11802
11410 14724
11410 19639
11410 22261
11410 24163
11410 27113
11410 29157
11410 29883
11410 30147
11417 5389
11417 20645
11417 23967
11492 12515
11492 13924
11492 21332
11498 1993
11498 5031
11498 5471
11498 10024
11498 11457
11498 14599
11498 17819
11657 5683
11657 22216
11657 25230
11657 30384
11685 24981
11744 1147
11744 1842
11744 3002
11744 3474
11744 5929
11744 13360
11744 14193
11744 15159
11764 25442
11806 1062
11806 3344
11806 3718
11806 4321
11806 10928
11806 12252
11806 18285
11806 18546
11806 19282
11806 23145
11806 29698
11892 2578
11896 1798
11896 3557
11896 7217
11896 9199
11896 9209
11896 9726
11896 24419
11908 1495
11908 6321
11908 6952
11908 10024
11908 10808
11908 17819
11908 19021
11908 24683
11908 29625
11961 926
11961 1151
11961 1160
11961 2306
11961 2757
11961 3672
11961 3823
11961 4158
11961 6355
11961 6409
11961 6713
11961 9980
11961 12457
11961 12785
11961 13145
11961 13532
11961 14064
11961 14989
11961 15544
11961 21134
11961 21430
11961 23237
11961 23263
11961 23791
11961 28808
11961 29546
11961 30262
11982 3010
11982 14939
11987 10524
12006 715
12006 1297
12006 5459
12006 11362
12006 13030
12006 13359
12006 14263
12006 15448
12006 17843
12006 22208
12006 24173
12006 25079
12006 28696
12011 2722
12011 2862
12011 3978
12011 7609
12011 11952
12011 12791
12011 15239
12011 18901
12011 22440
12011 23182
12011 27461
12011 29323
12029 1086
12029 2870
12029 10657
12029 25153
12071 3786
12071 5772
12071 6315
12071 9211
12071 10678
12071 18773
12071 19005
12071 21026
12071 23150
12071 23982
12088 26790
12088 27330
12088 28640
12119 2349
12119 3212
12119 5755
12119 6209
12119 6598
12119 7589
12119 7719
12119 13422
12119 13606
12119 13749
12119 14825
12119 14955
12119 19068
12119 21990
12119 25276
12189 1650
12189 2554
12189 3000
12189 3261
12189 5729
12189 5930
12189 5941
12189 13488
12189 13707
12189 14061
12189 27874
12189 28707
12198 3352
12198 5802
12198 12271
12198 14560
12198 18184
12198 18348
12198 21561
12198 22227
12198 22350
12198 23649
12198 28376
12247 9678
12247 20096
12247 21551
12247 21700
12247 24375
12247 29140
12250 906
12250 3539
12250 21363
12250 21556
12250 21730
12250 27575
12258 3837
12258 10769
12258 13201
12258 13782
12258 18777
12258 19106
12258 22166
12258 22446
12258 24053
12258 24934
12258 28019
12258 29518
12268 399
12268 2463
12268 2569
12268 12649
12268 24542
12268 26335
12322 916
12322 2742
12322 3125
12322 3721
12322 3777
12322 13322
12322 13550
12322 14104
12322 15425
12322 15519
12322 18633
12322 21393
12322 23801
12322 26739
12322 28120
12322 28327
12322 29342
12539 4844
12649 2463
12649 2569
12649 12268
12649 12515
12649 24542
12649 26335
12725 671
12725 1573
12725 2966
12725 5980
12725 11363
12725 11460
12725 12332
12725 12968
12725 15444
12725 23842
12725 24262
12794 2302
12794 4142
12794 6512
12794 10809
12794 14568
12794 16079
12794 17698
12794 17714
12794 18609
12794 25358
12796 2489
12796 15655
12796 18508
12796 19787
12796 19818
12796 24102
12835 2884
12835 5197
12835 16432
12835 29816
12917 4230
12917 4609
12917 6532
12917 12083
12917 23971
12917 24688
12947 8835
12954 2761
12954 3257
12954 4159
12954 12716
12954 13801
12954 13834
12954 13888
12954 14220
12954 16488
12954 19281
12954 22894
12954 25390
12976 2626
12976 3741
12976 7566
12976 11002
12976 14750
12976 15310
12976 15981
12976 16571
12976 19349
12976 21356
12976 23061
12976 29388
13029 2797
13029 2872
13029 12712
13029 14622
13029 29470
13029 29556
13100 513
13100 3157
13100 11080
13100 12535
13100 15463
13143 3015
13143 13854
13143 21500
13143 26375
13159 2909
13159 4154
13159 5696
13159 10833
13159 17974
13159 22558
13159 29842
13189 859
13189 876
13189 891
13189 904
13189 1043
13189 1134
13189 1944
13189 4818
13189 12287
13189 14008
13189 17899
13189 21703
13189 22886
13189 23805
13189 24420
13189 28636
13205 1902
13205 3029
13205 3516
13205 5422
13205 5747
13205 6406
13205 7110
13205 11259
13205 11913
13205 13015
13205 13082
13205 18020
13219 2194
13219 4467
13219 5730
13219 5888
13219 6521
13219 10023
13219 15668
13219 16704
13219 17637
13219 18422
13219 29477
13219 29720
13274 2779
13274 6162
13274 6195
13274 6263
13274 21727
13274 21768
13274 25847
13310 1481
13310 2191
13310 5613
13310 10540
13310 11607
13310 12825
13310 13829
13310 14534
13310 16167
13310 18630
13310 22556
13310 23160
13310 25595
13310 28005
13313 2395
13313 5894
13313 13739
13313 14014
13313 14506
13313 14827
13313 14857
13313 23467
13313 24152
13313 28428
13328 9299
13328 14211
13328 14479
13328 14748
13328 18465
13328 28791
13355 3389
13355 3851
13355 4117
13355 17611
13355 24883
13355 25055
13355 27539
13376 1035
13376 2513
13376 18466
13376 19932
13376 21098
13376 21463
13411 6300
13411 7603
13411 9802
13411 15737
13411 16329
13411 18481
13411 20628
13429 1239
13429 3471
13429 5952
13429 9217
13429 11313
13429 12126
13429 13549
13429 13750
13429 14034
13429 14781
13429 16325
13429 16576
13429 16838
13429 18387
13429 21642
13429 27200
13530 811
13530 2530
13530 3655
13530 5521
13530 5926
13530 6407
13530 6655
13530 14358
13530 14360
13530 18919
13530 22661
13530 26030
13530 28074
13530 28195
13534 2364
13534 3264
13534 3463
13534 10198
13534 12118
13534 13960
13534 14087
13534 14327
13534 14500
13534 18073
13534 23365
13534 23556
13534 29697
13553 548
13553 6114
13553 9304
13553 12272
13553 15516
13553 21182
13553 21371
13553 21531
13553 24096
13553 24445
13553 26297
13553 26362
13584 3484
13584 18651
13599 712
13599 1111
13599 1602
13599 2729
13599 3470
13599 3556
13599 3730
13599 5593
13599 5628
13599 5920
13599 11022
13599 11358
13599 11404
13599 14105
13599 14106
13599 14854
13599 16424
13599 18050
13599 18139
13599 18192
13599 18602
13599 19001
13599 19185
13599 22943
13599 23889
13599 27562
13599 29243
13599 29646
13655 866
13655 3193
13655 12776
13655 13151
13686 3649
13686 3788
13686 6215
13686 6447
13686 10291
13686 13132
13686 13186
13686 13430
13686 14391
13686 19230
13686 21068
13712 4314
13712 7618
13712 10086
13712 14874
13712 17226
13712 18894
13712 21285
13712 22086
13712 22339
13712 23523
13712 29485
13712 29961
13754 870
13754 2609
13754 2940
13754 4710
13754 6036
13754 13738
13754 14093
13754 18580
13754 23558
13754 23799
13754 28744
13754 29401
13794 3621
13794 3896
13794 5919
13794 6277
13794 7545
13794 7893
13794 15297
13794 18216
13794 19279
13794 21260
13794 21362
13794 21395
13801 3257
13801 3344
13801 12716
13801 12954
13801 13834
13801 13888
13801 14220
13801 14777
13801 21950
13801 22894
13801 23416
13862 7196
13862 8038
13862 9082
13862 16178
13862 19801
13862 20715
13862 20958
13862 27726
13866 4658
13866 4840
13866 6428
13866 6638
13866 7001
13866 10685
13866 10767
13866 16434
13955 778
13955 1218
13955 3126
13955 4585
13955 10940
13955 13997
13955 14150
13955 14856
13955 15307
13955 22021
13955 22669
13955 24049
13955 28833
13958 3350
13958 4304
13958 4454
13958 5252
13958 5867
13958 11169
13958 15040
13958 17719
13958 19888
13958 22040
13958 24224
13958 29387
13962 24502
13972 1229
13972 2638
13972 2641
13972 3053
13972 3617
13972 3628
13972 4768
13972 11749
13972 12384
13972 13218
13972 13474
13972 14426
13972 14493
13972 15312
13972 18434
13972 22948
13972 26572
13972 28857
13972 29392
13972 29668
13988 1063
13988 3296
13988 12079
13988 12124
13988 13437
13988 13492
13988 16072
13988 18696
13988 23461
13988 28265
14000 746
14000 3356
14000 3450
14000 3616
14000 4724
14000 5702
14000 5744
14000 13427
14000 14944
14000 16866
14000 18280
14000 18584
14000 23062
14000 23251
14000 23976
14000 28453
14000 28644
14000 28692
14071 9292
14071 18284
14071 21864
14071 21893
14071 21906
14071 23561
14075 1513
14075 3722
14075 4518
14075 5094
14075 9729
14075 14610
14075 14993
14075 19260
14075 29405
14082 3281
14082 20478
14082 22527
14129 14500
14129 14870
14129 17376
14129 18073
14139 1646
14139 3049
14139 4864
14139 6463
14139 6577
14139 12140
14139 13432
14139 16839
14139 17853
14139 18539
14139 19621
14139 28418
14139 29555
14145 767
14145 3087
14145 3639
14145 3783
14145 4447
14145 4944
14145 6039
14145 6259
14145 12520
14145 12762
14145 12957
14145 13471
14145 14871
14145 16249
14145 21710
14145 28572
14202 1264
14202 3437
14202 4152
14202 5703
14202 6205
14202 10166
14202 12402
14202 12783
14202 13270
14202 15280
14202 24715
14202 25082
14202 25435
14202 27308
14206 613
14206 1730
14206 2044
14206 7057
14206 12513
14206 21998
14206 23840
14224 4259
14224 6470
14224 7046
14224 11155
14224 11205
14224 11352
14224 12027
14224 14642
14224 14791
14224 18803
14224 29684
14224 30177
14226 4275
14226 6839
14226 10733
14226 10772
14226 14643
14226 19659
14290 5200
14290 12824
14290 12961
14290 13080
14290 13647
14290 14023
14290 14497
14290 23882
14290 28171
14359 1173
14359 2327
14359 3569
14359 14743
14359 21857
14359 23290
14359 26038
14359 29253
14364 5031
14364 25219
14364 25289
14364 25331
14388 4195
14388 5421
14388 5504
14388 5869
14388 5886
14388 6022
14388 6133
14388 6538
14388 10874
14388 10941
14388 12127
14388 13918
14388 13922
14388 13998
14388 14618
14388 14639
14388 15005
14388 15345
14388 16242
14388 28537
14388 29645
14414 1640
14414 4334
14414 4830
14414 5442
14414 13209
14414 14323
14414 15260
14414 19071
14414 19316
14414 30265
14450 3122
14450 3448
14450 18133
14450 21746
14450 29174
14459 10660
14459 11507
14475 3728
14475 10748
14475 13756
14475 14394
14475 14552
14475 14553
14475 16248
14475 18322
14475 19216
14475 23610
14475 28945
14483 1451
14483 5361
14483 5533
14483 6476
14483 21115
14483 22000
14483 29354
14483 29502
14487 9793
14487 17943
14487 18371
14507 2901
14507 3419
14507 4694
14507 4715
14507 12469
14507 15006
14507 15622
14507 18071
14507 19017
14507 19366
14507 24229
14507 24970
14507 25682
14569 4371
14569 12638
14569 14635
14569 15837
14569 16258
14569 20373
14569 25034
14670 2704
14670 2794
14670 3123
14670 4634
14670 4726
14670 4770
14670 7585
14670 13245
14670 14829
14670 17918
14670 18366
14670 18731
14670 19204
14670 21611
14670 21874
14670 22348
14670 22546
14670 23179
14670 23504
14670 27495
14670 29472
14671 2535
14671 3567
14671 3845
14671 10065
14671 10875
14671 15177
14671 19188
14671 24230
14671 25430
14672 1078
14672 1082
14672 2303
14672 2397
14672 2458
14672 2928
14672 3449
14672 3811
14672 6411
14672 9996
14672 10902
14672 15196
14672 16733
14672 18695
14672 18740
14672 22887
14672 29516
14674 4307
14674 6904
14674 9905
14674 14805
14674 15478
14674 15693
14676 1125
14676 6322
14676 8037
14676 24903
14676 25138
14720 4875
14720 6648
14720 13826
14720 25678
14720 27714
14727 7972
14727 18937
14727 19960
14727 22159
14729 677
14729 4558
14729 24938
14729 28239
14743 1173
14743 1351
14743 2304
14743 6215
14743 6357
14743 6447
14743 12977
14743 14359
14743 18032
14743 21857
14743 21935
14743 23290
14743 24480
14743 28670
14768 719
14768 734
14768 2974
14768 3374
14768 3630
14768 4943
14768 5922
14768 6596
14768 11364
14768 12861
14768 14452
14768 14504
14768 16160
14768 18865
14768 22396
14768 28597
14768 28766
14777 3429
14777 3637
14777 6141
14777 13801
14777 13834
14777 14013
14777 14220
14777 17675
14777 18642
14777 21950
14777 23416
14779 3482
14779 7571
14779 11912
14779 12650
14779 14586
14779 18955
14779 23603
14779 29275
14855 899
14855 3511
14855 3596
14855 3748
14855 6656
14855 13531
14855 14293
14855 14327
14855 14412
14855 14500
14855 15595
14855 19146
14858 1594
14858 4496
14858 6811
14858 12383
14858 13200
14858 13258
14858 13261
14858 13652
14858 14443
14858 18413
14858 18977
14858 21829
14858 26725
14874 3199
14874 3704
14874 4469
14874 6083
14874 7013
14874 7618
14874 10086
14874 11104
14874 12195
14874 13712
14874 15036
14874 17226
14874 18894
14874 22339
14874 23523
14874 29485
14876 857
14876 3447
14876 4582
14876 5797
14876 18268
14876 22662
14876 23460
14909 1593
14909 2640
14909 3334
14909 6122
14909 6413
14909 12338
14909 13314
14909 13954
14909 14284
14909 14318
14909 14389
14909 14421
14909 14436
14909 14656
14909 15107
14909 15201
14909 16420
14909 28796
14909 29469
14909 29603
14909 29627
14913 2390
14913 4006
14913 5934
14913 7568
14913 12406
14913 14050
14913 14860
14913 16027
14913 16496
14913 22298
14913 28621
14937 4503
14937 4916
14937 5364
14937 10136
14937 10686
14937 19670
14937 24525
14937 25453
14937 27009
14937 28034
14937 30467
14968 2688
14968 3771
14968 6056
14968 10966
14968 15980
14981 11300
14981 16801
14989 562
14989 1151
14989 2306
14989 3672
14989 3823
14989 4947
14989 6280
14989 6355
14989 6409
14989 6713
14989 9980
14989 11961
14989 12457
14989 13145
14989 21134
14989 21430
14989 23237
14989 23791
14989 28292
14989 29175
14989 30262
14994 3440
14994 3566
14994 3723
14994 5537
14994 5973
14994 6516
14994 14031
14994 14405
14994 15281
14994 19210
14994 19261
14994 19656
14994 22937
14994 25142
14994 29436
15006 2901
15006 3419
15006 4694
15006 4715
15006 7674
15006 11060
15006 12075
15006 13409
15006 13741
15006 14223
15006 14507
15006 15127
15006 15592
15006 15622
15006 16722
15006 18071
15006 18895
15006 25682
15009 956
15009 2735
15009 3741
15009 14960
15009 15010
15009 15431
15009 19415
15009 27193
15009 28900
15038 642
15038 4023
15038 6881
15038 11074
15038 11650
15038 11799
15038 14704
15038 15674
15038 20914
15100 809
15100 950
15100 1286
15100 2588
15100 3497
15100 4050
15100 6302
15100 6352
15100 10930
15100 11697
15100 13018
15100 14380
15100 14557
15100 15590
15100 16244
15100 21594
15100 23198
15100 23506
15100 25894
15100 27768
15106 647
15106 2681
15106 5822
15106 5882
15106 6088
15106 14035
15106 14781
15106 15203
15106 18534
15106 18776
15106 21642
15106 23662
15106 27200
15106 28635
15119 2273
15119 25362
15166 9761
15186 3308
15186 4258
15186 13305
15186 13363
15186 14532
15186 18055
15186 18421
15186 18850
15186 22169
15193 12236
15193 28183
15195 2733
15195 3178
15195 3328
15195 5026
15195 5989
15195 10937
15195 13904
15195 14369
15195 14578
15195 18638
15195 18770
15195 19092
15195 24681
15195 26650
15195 28126
15220 2781
15220 4916
15220 5208
15220 10136
15220 14192
15220 24525
15220 25453
15220 30467
15238 19625
15238 20873
15238 25691
15260 1480
15260 1640
15260 4334
15260 4830
15260 5442
15260 11600
15260 12729
15260 13209
15260 14323
15260 14414
15260 15963
15260 30265
15274 4456
15274 4839
15274 5965
15274 9090
15274 9913
15274 14340
15274 15128
15274 17582
15274 17755
15274 18517
15274 23401
15274 23591
15274 24269
15274 28424
15274 29690
15274 30430
15287 2856
15287 4709
15287 7894
15287 10547
15287 14184
15287 14281
15287 14383
15287 18291
15287 18391
15287 19306
15287 20969
15287 24022
15397 19483
15397 20973
15421 2265
15421 2324
15421 10806
15421 12141
15421 17991
15421 18718
15421 23304
15433 3880
15433 7388
15433 9117
15433 19967
15438 6242
15438 19323
15503 2353
15503 2471
15503 7198
15503 18175
15503 18460
15503 21476
15503 21701
15503 26844
15538 5671
15538 6722
15538 13896
15538 16859
15538 25030
15538 26704
15555 938
15555 16739
15555 22134
15555 25445
15602 4390
15602 9701
15608 34
15608 1675
15608 27694
15651 2417
15651 3626
15651 10118
15651 16159
15651 16422
15651 16503
15651 18136
15651 25314
15651 27936
15679 2266
15679 2781
15679 2894
15679 14192
15734 635
15734 4996
15734 5666
15734 7157
15734 13090
15734 13846
15734 14822
15734 15109
15734 15251
15734 15741
15734 16318
15734 17766
15734 18950
15734 19605
15734 21033
15734 21318
15734 23238
15734 28528
15734 28980
15761 13769
15761 17244
15761 20464
15842 6919
15842 6991
15842 7958
15842 29126
15844 4599
15844 7852
15898 1390
15898 2743
15898 6414
15898 7669
15898 11391
15898 11594
15898 13926
15898 15663
15898 18974
15898 20034
15898 20725
15898 22187
15898 22230
15898 27193
15928 1395
15928 15073
15928 15412
15928 18403
15928 27849
15960 79
16051 2005
16051 4078
16051 6252
16051 7883
16051 15978
16051 25761
16051 28674
16087 15692
16149 876
16149 1043
16149 3779
16149 4887
16149 5893
16149 7065
16149 11058
16149 14526
16149 18149
16149 23230
16149 23880
16149 24420
16163 1596
16163 13414
16163 13425
16163 13546
16247 1258
16247 3205
16247 6212
16247 6809
16247 12259
16247 13645
16247 14024
16247 14172
16247 14638
16247 15621
16247 18451
16247 18793
16247 19338
16247 24893
16247 25167
16247 29016
16247 29637
16250 372
16250 711
16250 2642
16250 2898
16250 6144
16250 10802
16250 12724
16250 14607
16250 16572
16250 19525
16250 29463
16250 29551
16261 4911
16261 6758
16261 18820
16261 27555
16330 651
16330 833
16330 1171
16330 4891
16330 5902
16330 7112
16330 12709
16330 17005
16330 18147
16330 22102
16330 26346
16385 15711
16386 840
16386 945
16386 2261
16386 2979
16386 3063
16386 4579
16386 6122
16386 6829
16386 10939
16386 13255
16386 13582
16386 13692
16386 13884
16386 14086
16386 14436
16386 14872
16386 17584
16386 21659
16386 21743
16386 23700
16386 29371
16386 29627
16417 2659
16417 4089
16417 5933
16417 10991
16417 17625
16417 22027
16417 23691
16417 23787
16417 26813
16493 1258
16493 2775
16493 3035
16493 4522
16493 10051
16493 11409
16493 12528
16493 13984
16493 14638
16493 14925
16493 16166
16493 22606
16493 23129
16493 24221
16493 28044
16493 29501
16493 29577
16496 2390
16496 3462
16496 5934
16496 12406
16496 14050
16496 14107
16496 14913
16496 16578
16496 23300
16496 28513
16496 29317
16496 29364
16496 29641
16503 709
16503 758
16503 2296
16503 2417
16503 3626
16503 5983
16503 11644
16503 12326
16503 13653
16503 14100
16503 14178
16503 15651
16503 18136
16503 25314
16503 27936
16503 28215
16503 29537
16503 29703
16519 6491
16519 17950
16519 20783
16519 22532
16519 22995
16519 25824
16576 3041
16576 3471
16576 5546
16576 5822
16576 11313
16576 12126
16576 13429
16576 14781
16576 15257
16576 18387
16576 21642
16576 23662
16576 27200
16576 28532
16576 29639
16592 1398
16592 3422
16592 3848
16592 4026
16592 4381
16592 4657
16592 6667
16592 19400
16592 20293
16592 22599
16592 25009
16594 4458
16594 11154
16594 23779
16594 27038
16643 1430
16643 2175
16643 16742
16643 30043
16654 2369
16654 2405
16654 2692
16654 4537
16654 7061
16654 14628
16654 19251
16654 26795
16654 27452
16654 28627
16657 2381
16657 3790
16657 5620
16657 6256
16657 6337
16657 6356
16657 10840
16657 14073
16657 15650
16657 16651
16657 16658
16657 22828
16657 23687
16657 24092
16657 25357
16657 28816
16658 2400
16658 2639
16658 3790
16658 4997
16658 5997
16658 6356
16658 9476
16658 11679
16658 14036
16658 14073
16658 15596
16658 16651
16658 16657
16658 18190
16658 19145
16658 19181
16658 20790
16658 23307
16658 23317
16658 23687
16658 24092
16658 25357
16658 28816
16658 28976
16658 29754
16658 29860
16662 3437
16662 5654
16662 5686
16662 6205
16662 8064
16662 11261
16662 11968
16662 14298
16662 16589
16662 25082
16662 27611
16672 910
16672 6671
16672 8288
16672 17663
16722 1277
16722 2901
16722 9940
16722 11060
16722 12075
16722 13091
16722 13409
16722 14223
16722 15006
16722 15127
16722 15592
16722 19995
16722 29741
16823 28235
16858 4732
16858 6948
16858 7791
16858 11139
16858 16080
16858 23595
16905 23216
16917 12035
16965 1662
16994 2869
16994 6532
16994 12083
16994 19301
16994 23853
17027 2630
17027 6797
17027 18763
17027 22485
17027 23636
17027 25560
17067 8008
17167 1047
17167 1061
17167 1354
17167 3216
17167 3524
17167 3993
17167 4160
17167 5375
17167 5522
17167 6105
17167 7557
17167 12456
17167 13465
17167 14282
17329 21925
17329 22591
17329 25783
17329 26785
17351 17125
17498 11372
17498 29129
17518 5719
17518 14001
17518 14403
17518 29534
17576 20928
17603 1784
17603 20066
17603 25979
17608 14485
17608 16542
17608 23781
17608 28247
17642 3552
17642 4413
17642 4502
17642 4700
17642 11653
17642 15033
17642 18595
17642 27683
17642 28751
17648 1299
17648 17647
17648 21253
17653 2730
17653 7067
17653 13495
17653 14920
17653 15011
17653 15649
17653 17926
17653 18059
17653 18086
17653 21862
17653 23204
17678 1907
17678 18512
17678 21091
17678 24235
17773 3879
17773 6006
17773 9948
17773 17959
17787 6893
17787 16181
17787 16354
17791 4896
17791 6446
17791 10390
17791 12240
17791 12689
17791 13382
17791 14305
17791 15230
17791 15821
17791 17725
17791 18186
17791 27804
17880 940
17880 1731
17880 1810
17880 2093
17880 2097
17880 4407
17880 4501
17880 10049
17880 12727
17880 16431
17880 23660
17912 4779
17912 17871
17912 17931
17912 23541
17912 26556
17938 2760
17938 6379
17938 9068
17938 14660
17938 15112
17938 15815
17938 17605
17938 18474
17938 25241
17938 25433
17938 26978
17938 29729
17994 1130
17994 5464
17994 6257
17994 6488
17994 13026
17994 13269
17994 14490
17994 14837
17997 4397
17997 9275
18042 21770
18093 16337
18163 416
18163 5467
18163 5764
18163 5892
18163 6047
18163 7969
18163 12069
18163 12732
18163 13494
18163 16414
18163 21304
18163 22196
18163 23767
18163 24048
18163 28357
18163 29073
18203 18458
18203 21569
18203 23043
18203 23141
18203 26816
18266 9502
18266 17876
18367 651
18367 833
18367 1171
18367 2850
18367 3496
18367 4891
18367 12709
18367 16495
18367 18415
18367 21216
18367 22102
18367 23008
18367 26493
18447 699
18447 2350
18447 3364
18447 4925
18447 6383
18447 7014
18447 14580
18447 15190
18447 16723
18447 18745
18447 23439
18449 745
18449 1538
18449 7102
18449 9730
18449 12205
18449 18725
18449 18931
18449 19324
18449 20061
18449 23835
18472 10810
18472 14737
18472 16107
18472 18578
18472 20574
18472 22502
18472 24060
18472 30001
18505 1676
18505 28197
18653 2689
18653 3547
18653 14754
18653 17953
18653 24090
18653 25043
18653 29443
18653 29751
18666 20063
18666 20167
18666 22047
18666 22258
18666 24646
18666 26801
18694 2906
18694 4007
18694 4161
18694 4814
18694 5807
18694 5846
18694 7679
18694 13493
18694 17776
18694 18435
18694 21608
18694 22186
18694 24504
18726 2441
18726 12789
18726 15560
18726 22832
18727 21497
18758 7308
18758 19737
18758 24552
18800 14698
18926 13306
18926 19021
18926 29625
18958 2126
18958 3564
18958 4794
18958 9702
18958 16017
19022 3320
19022 10868
19022 25289
19032 5932
19032 9641
19032 10621
19032 25497
19131 12585
19131 15059
19131 26166
19154 6762
19154 15210
19154 19872
19168 3568
19168 12249
19168 19183
19168 21106
19168 21387
19168 22017
19168 27034
19183 973
19183 3568
19183 12249
19183 19168
19183 21106
19183 21387
19183 27034
19190 6430
19190 27802
19220 732
19220 899
19220 2681
19220 2975
19220 3596
19220 6064
19220 6301
19220 6656
19220 12118
19220 14209
19220 14412
19220 14749
19220 14782
19220 15003
19220 21592
19220 21751
19320 17
19320 745
19320 1629
19320 16451
19320 21651
19320 23835
19444 19583
19444 19772
19514 24868
19550 23119
19611 3196
19611 3244
19611 4527
19611 5714
19611 5835
19611 12061
19611 12953
19611 14861
19611 16238
19611 18323
19611 19357
19611 21748
19611 23499
19611 23554
19611 28961
19674 2412
19674 6902
19674 22813
19674 28509
19803 5604
19803 19997
19803 20784
19803 20785
19803 22330
19803 22538
19908 25279
19908 26129
19941 1167
19941 4854
19941 17735
19941 25045
19941 29070
20015 7401
20015 17658
20015 26935
20172 17172
20238 19589
20238 25264
20478 14082
20589 1188
20589 1940
20589 13372
20589 18789
20589 24969
20589 25972
20675 2196
20675 3805
20675 4238
20675 4877
20675 7670
20675 11062
20675 11257
20675 11550
20675 13083
20675 13709
20675 14151
20675 14875
20675 15007
20675 16213
20675 18114
20675 18146
20675 19002
20675 20726
20675 20850
20675 23002
20675 24971
20675 28294
20675 29506
20675 30228
20732 18281
20761 17572
20761 24911
20761 28803
20786 12793
20786 22323
20786 22373
20786 23778
20786 24119
20786 27064
20791 1170
20791 5644
20791 6043
20791 6197
20791 16659
20791 18903
20791 28377
20791 29006
20806 19650
20806 20129
20814 27502
20816 10228
20854 9952
20906 2424
20906 3745
20906 15096
20906 15344
20906 16061
20906 18164
20906 20580
20906 23441
20906 26151
21185 1134
21185 3755
21185 5931
21185 6584
21185 12287
21185 14008
21185 21703
21185 22197
21185 22886
21185 23465
21185 23805
21185 27847
21185 29372
21278 10535
21306 1761
21306 6287
21306 6295
21306 12313
21306 16499
21306 17393
21306 21160
21306 24305
21334 1952
21334 5964
21334 7755
21334 20898
21334 21415
21334 21603
21361 877
21361 6154
21361 7953
21361 21228
21361 22489
21361 23395
21361 26673
21361 29167
21361 29193
21365 18289
21365 25721
21365 27789
21365 28241
21410 4086
21410 6367
21410 18276
21498 9502
21498 17876
21498 23721
21526 2430
21526 2564
21526 3141
21526 3778
21526 5808
21526 7636
21526 8132
21526 9227
21526 13533
21526 14322
21526 15252
21526 19450
21526 21027
21526 28146
21526 28163
21526 28254
21526 30315
21704 353
21704 3148
21704 3751
21704 5885
21704 6102
21704 6585
21704 7213
21704 10052
21704 11748
21704 12663
21704 14102
21704 14387
21704 16650
21704 18051
21704 18999
21704 21785
21704 23154
21704 23609
21720 9731
21720 18406
21720 22768
21720 27646
21738 21446
21738 23259
21738 25910
21746 3122
21746 3448
21746 14450
21746 23513
21746 28992
21746 29174
21761 6067
21761 17996
21761 18440
21761 21800
21761 22781
21798 906
21798 1010
21798 1762
21798 6223
21798 21400
21798 21846
21798 29149
21864 9292
21864 14071
21864 15442
21864 19025
21864 20206
21864 21893
21864 29212
21864 29325
21969 2762
21988 799
21988 857
21988 2283
21988 3085
21988 3821
21988 3856
21988 12904
21988 17966
21988 18100
21988 18268
21988 21705
21988 21782
21988 24153
21988 28658
22086 686
22086 2287
22086 4314
22086 6030
22086 7618
22086 10086
22086 13031
22086 13712
22086 17598
22086 18891
22086 18894
22086 23670
22086 28286
22091 16183
22150 4892
22150 9399
22150 11444
22150 11897
22150 18082
22150 18466
22150 21568
22150 22443
22150 24794
22164 2525
22164 2696
22164 2941
22164 3034
22164 3309
22164 4931
22164 5783
22164 10795
22164 11311
22164 11511
22164 13791
22164 14690
22164 18318
22164 20566
22164 23007
22164 28159
22164 29476
22164 29974
22246 3124
22246 3702
22246 6391
22246 11308
22246 12266
22246 12893
22246 13418
22246 13475
22246 13956
22246 14257
22246 14498
22246 14685
22246 15200
22246 15311
22246 15658
22246 18142
22246 19121
22246 21991
22246 22719
22246 22892
22246 28802
22293 841
22293 894
22293 5373
22293 6468
22293 6479
22293 13980
22321 3486
22321 5184
22321 15707
22321 24212
22375 27173
22384 7015
22384 10931
22384 15051
22384 16811
22384 18048
22384 18886
22384 19305
22384 21276
22384 21866
22384 22895
22384 22958
22384 25395
22384 25484
22393 2289
22393 2663
22393 3070
22393 3508
22393 3593
22393 3793
22393 6208
22393 7584
22393 13133
22393 13588
22393 13977
22393 14033
22393 14111
22393 14288
22393 16494
22393 19038
22393 23937
22393 28915
22393 28947
22432 7818
22432 7972
22432 8187
22432 21455
22432 22159
22432 22373
22479 2231
22479 7024
22479 11009
22479 18780
22479 21088
22479 23542
22479 29770
22500 6347
22500 6869
22500 15025
22500 15072
22500 29014
22536 6627
22536 10356
22536 28954
22660 1056
22660 2486
22660 9689
22660 13585
22660 14585
22660 22011
22660 23367
22683 7922
22683 19973
22689 24990
22806 7596
22806 11758
22806 16132
22806 17721
22843 22539
22843 26971
22843 29102
22933 9898
22933 21924
22933 21981
22933 23954
22933 27357
22933 27474
22940 7008
22940 15626
22940 18715
22940 22988
23010 12836
23010 13108
23019 11834
23019 26860
23234 9662
23234 27163
23234 27191
23240 6058
23240 6826
23240 7710
23240 18617
23240 23643
23286 10722
23286 18173
23286 19982
23366 12318
23366 14317
23387 928
23387 2429
23387 12592
23387 13093
23387 14325
23387 14355
23387 14469
23387 15985
23387 19123
23387 23388
23387 29016
23387 29382
23387 29637
23445 3549
23445 7175
23445 18273
23445 21054
23445 21071
23445 25522
23445 29199
23556 2364
23556 3264
23556 10198
23556 12118
23556 13534
23556 13960
23556 14087
23556 14327
23556 14500
23556 14870
23556 18073
23556 23365
23556 29697
23694 2454
23694 21553
23694 21855
23694 27223
23705 3051
23705 3478
23705 3600
23705 5717
23705 5805
23705 5870
23705 12720
23705 13011
23705 13526
23705 14069
23705 18004
23705 18045
23705 18916
23705 19472
23705 19478
23705 19527
23705 21790
23705 24051
23705 28431
23721 5872
23721 21498
23721 22111
23740 19433
23740 21097
23740 25724
23740 26818
23748 3028
23748 3049
23748 3315
23748 6148
23748 6577
23748 12140
23748 13947
23748 14052
23748 15825
23748 17853
23748 19621
23748 28418
23748 29619
23748 29622
23783 18454
23801 916
23801 2560
23801 3721
23801 5630
23801 5834
23801 7016
23801 7026
23801 12322
23801 12958
23801 13330
23801 15425
23801 19275
23801 21104
23801 23601
23801 23745
23801 26265
23801 28313
23830 8882
23898 3909
23898 3943
23898 4889
23898 9091
23898 10189
23898 10568
23898 10791
23898 13156
23898 14343
23898 14572
23898 14603
23898 15604
23898 25178
23902 168
23902 7466
23902 7869
23930 939
23930 1680
23930 2552
23930 6417
23930 8558
23930 9977
23939 3326
23939 4223
23939 10623
23939 11345
23939 13610
23939 15318
23939 15897
23939 17808
23939 18973
23939 24343
23939 26396
23949 28283
23958 19381
23958 27848
23958 28550
23980 3245
23980 3519
23980 18000
24066 1032
24066 2347
24066 3641
24066 12886
24066 13735
24066 14869
24066 16239
24066 23098
24066 27285
24066 27542
24066 28937
24191 1276
24191 2674
24191 2825
24191 5024
24191 5868
24191 6074
24191 14372
24191 15110
24191 15170
24191 19259
24191 19313
24191 23758
24191 28307
24191 29049
24191 29742
24214 5055
24214 5417
24214 6759
24214 6876
24214 23110
24214 23669
24260 2046
24260 2049
24260 2356
24260 3183
24260 4987
24260 11161
24260 23102
24260 25154
24327 13771
24336 27696
24385 3302
24385 18110
24385 21984
24396 14763
24396 23054
24404 7410
24404 10454
24404 22199
24404 23680
24436 26606
24526 3938
24526 3971
24526 9518
24526 19922
24526 21093
24602 13574
24602 17059
24602 21694
24602 21814
24602 25519
24617 7525
24617 18165
24617 25921
24629 6928
24657 5409
24701 2432
24701 4775
24701 6492
24701 11608
24701 14152
24701 14705
24701 15403
24744 354
24744 14408
24749 1811
24749 1863
24749 4180
24749 5152
24749 10832
24749 23736
24749 25672
24750 5331
24750 6974
24750 9819
24750 19153
24802 2988
24802 3008
24802 4381
24802 6667
24802 7142
24802 14342
24802 14798
24889 8379
24974 5353
24974 15631
24975 16974
24975 20446
25017 13371
25017 18552
25039 5335
25039 6931
25039 17613
25039 25038
25092 919
25092 1379
25092 4021
25092 4260
25092 4314
25092 4896
25092 11305
25092 12689
25092 13382
25092 14609
25092 14946
25092 15982
25092 19113
25092 21155
25092 21285
25092 27804
25092 29961
25115 16602
25115 23762
25178 3909
25178 4889
25178 6945
25178 10189
25178 10736
25178 15604
25178 15605
25178 23898
25178 24390
25178 24799
25178 29859
25214 12533
25214 21959
25266 5239
25267 6684
25267 8938
25267 13352
25267 25207
25453 1434
25453 4916
25453 10136
25453 14937
25453 15220
25453 19670
25453 24525
25453 27038
25453 28034
25453 29111
25597 2452
25597 19413
25597 21141
25597 21590
25618 636
25618 914
25618 957
25618 4589
25618 16321
25618 21133
25618 24764
25618 24828
25618 25626
25618 27349
25623 19847
25740 1873
25740 8880
25760 11150
25760 21972
25760 26476
25760 28129
25784 4364
25878 9066
25878 16599
25878 23031
25878 25803
25899 1135
25899 2933
25899 7017
25899 13976
25899 17519
25899 18113
25899 23942
25996 4374
25996 5100
25996 7010
25996 14728
25996 20294
25996 22483
25996 24259
25996 30178
26017 11758
26017 22630
26017 28136
26097 5033
26097 6726
26097 7759
26097 15786
26097 20525
26097 22548
26097 22785
26097 23630
26120 10208
26120 17697
26197 7381
26197 17528
26258 19732
26258 19913
26258 20161
26262 6420
26262 6720
26262 17758
26262 21687
26265 858
26265 2560
26265 2879
26265 7016
26265 7603
26265 12958
26265 13187
26265 13330
26265 14626
26265 15737
26265 19275
26265 23601
26265 23801
26265 27423
26265 28313
26374 1296
26374 7939
26374 28443
26388 4202
26388 19385
26388 29478
26476 11150
26476 16452
26476 21506
26476 25760
26564 5461
26564 5986
26573 3226
26574 7132
26574 25751
26599 1182
26599 4101
26599 4388
26599 4453
26599 4562
26599 4775
26599 8920
26599 11563
26599 13824
26599 23520
26599 26845
26599 27803
26602 12003
26602 24597
26613 5357
26613 18562
26708 11142
26708 17627
26790 7994
26790 12088
26790 22584
26790 28355
26790 28640
26790 28749
26818 7271
26818 19770
26818 19984
26818 21097
26818 23740
26818 25724
26830 1567
26830 2277
26830 2284
26830 2523
26830 3613
26830 5255
26830 5380
26830 10936
26830 11031
26830 12661
26830 13243
26830 14059
26830 14217
26830 14427
26830 18843
26830 19070
26830 22126
26830 28554
26830 28901
26830 29569
26890 10125
26890 27751
26937 27321
26973 10031
26973 14079
26995 3408
26995 5007
26995 6898
26995 10050
26995 11402
26995 14261
26995 14792
26995 21120
26995 29724
26995 30357
27037 7437
27037 7736
27037 7774
27037 11789
27037 17660
27037 20060
27037 23822
27037 29058
27051 967
27051 15541
27070 7127
27070 10992
27070 21211
27070 25487
27082 9663
27082 23501
27082 27731
27118 9636
27118 26044
27118 30219
27164 3012
27164 3908
27164 11082
27164 20926
27164 23052
27164 25270
27273 2778
27273 7068
27273 25920
27273 27569
27289 20769
27347 5947
27347 13381
27347 15623
27347 23132
27361 2122
27361 9686
27361 22225
27361 24347
27361 25507
27361 26961
27361 29389
27373 341
27389 10635
27415 9684
27415 9915
27415 16810
27415 19432
27415 24080
27415 28721
27431 11901
27431 15516
27431 19064
27431 21531
27431 24445
27431 26362
27537 18689
27537 29433
27559 1823
27559 4519
27559 6579
27559 13308
27559 13487
27559 16168
27559 16340
27559 18585
27559 23004
27559 26058
27559 29667
27609 2440
27609 16275
27609 19950
27609 27595
27609 27746
27644 9380
27667 2902
27667 3184
27667 3537
27667 5825
27667 6041
27667 13259
27667 13489
27667 14809
27667 15484
27667 15746
27667 16157
27667 17644
27667 18956
27667 19024
27692 6241
27692 10205
27692 18259
27692 18739
27692 28436
27724 11294
27724 19582
27738 5387
27738 22420
27755 1363
27755 4805
27755 11176
27755 17707
27755 20121
27755 22657
27755 24540
27755 25003
27755 29826
27755 29970
27775 2670
27775 17813
27775 22990
27775 29761
27792 2505
27792 2906
27792 4007
27792 4161
27792 5793
27792 11904
27792 12136
27792 13188
27792 13936
27792 15732
27792 18682
27792 21595
27792 23351
27792 26146
27792 28106
27807 24590
27849 1395
27849 15073
27849 15412
27849 15928
27864 2185
27864 21210
27864 29451
28074 3082
28074 3655
28074 5521
28074 5926
28074 6407
28074 13530
28074 14358
28074 14360
28074 26030
28074 28195
28086 4457
28086 7673
28086 9728
28086 11116
28086 12866
28086 14725
28086 24172
28086 24652
28086 29118
28089 8376
28122 20801
28122 27381
28266 7785
28266 22317
28266 23328
28275 1091
28275 3640
28275 4596
28275 4773
28275 5734
28275 6072
28275 10903
28275 11032
28275 11063
28275 11307
28275 13746
28275 13828
28275 14244
28275 14912
28275 15804
28275 16134
28275 16256
28275 17602
28275 17807
28275 18869
28275 19640
28275 20035
28275 23151
28275 29020
28324 22447
28332 8789
28332 21445
28448 13298
28490 1275
28490 4274
28490 5484
28490 5746
28490 13658
28490 14462
28490 14535
28490 21503
28490 22609
28490 22764
28490 25095
28490 25452
28541 25940
28543 5371
28543 6697
28543 11946
28543 12701
28543 18303
28543 24421
28543 25602
28543 29480
28644 3356
28644 3450
28644 4724
28644 5702
28644 5744
28644 14000
28644 14207
28644 14944
28644 16866
28644 18280
28644 18584
28644 23062
28644 23976
28644 28453
28644 28692
28674 2005
28674 4078
28674 6252
28674 7883
28674 16051
28674 25761
28691 980
28691 3963
28691 6943
28691 7075
28691 15569
28691 19114
28691 20460
28691 23244
28691 30308
28693 2568
28693 3780
28693 13273
28693 14011
28693 14952
28693 18279
28693 28094
28703 1046
28703 3573
28703 5834
28703 12888
28703 13322
28703 13871
28703 14243
28703 17763
28703 18314
28703 18918
28703 21104
28703 21624
28703 25427
28703 28327
28703 29529
28703 29612
28781 2730
28781 3735
28781 7067
28781 12655
28781 13495
28781 14920
28781 17522
28781 17926
28781 18059
28781 21862
28861 5672
28861 18610
28861 27576
28891 2225
28939 9836
28939 17640
28939 20572
28939 24754
28939 25336
29002 663
29002 2271
29002 5090
29002 15364
29002 15660
29002 15946
29002 18898
29002 19480
29002 22324
29002 23202
29002 25470
29002 28027
29053 23876
29075 13764
29076 3546
29076 17715
29076 18430
29076 22541
29076 22701
29091 16094
29119 6382
29119 16855
29119 18196
29119 26791
29121 4796
29121 6190
29121 6445
29121 6545
29121 6727
29121 7658
29121 21335
29121 22482
29121 22928
29121 23915
29121 24761
29121 25051
29121 25804
29121 27390
29124 6571
29124 15206
29124 21915
29124 24935
29130 2910
29130 4137
29130 4968
29130 6857
29130 10407
29130 11969
29130 11970
29130 16512
29130 18376
29130 20573
29130 27796
29141 750
29141 862
29141 1155
29141 3126
29141 3415
29141 5794
29141 6285
29141 6599
29141 7614
29141 11263
29141 12137
29141 13130
29141 14222
29141 14812
29141 18431
29141 20627
29141 21709
29141 21827
29141 21948
29141 23139
29141 26031
29177 6663
29177 12863
29177 25676
29185 9622
29208 6663
29208 7165
29208 21757
29208 21838
29208 23502
29208 25676
29256 3870
29256 4306
29256 4376
29256 20107
29256 22666
29256 22820
29399 1804
29399 3433
29399 3531
29399 3719
29399 6303
29399 18340
29399 19058
29399 19976
29427 6900
29427 14719
29427 15184
29427 16359
29427 24864
29427 25698
29427 27080
29427 27337
29427 30186
29534 14001
29534 17518
29577 1258
29577 3035
29577 4074
29577 6809
29577 10051
29577 11409
29577 12259
29577 12325
29577 13645
29577 14055
29577 14638
29577 14925
29577 15621
29577 16493
29577 18075
29577 18451
29577 18793
29577 23129
29577 23843
29577 24221
29577 28044
29577 29501
29585 1821
29585 12036
29585 14570
29585 14930
29607 3213
29607 3992
29607 6964
29607 15514
29607 15662
29607 16148
29607 19642
29607 22214
29607 28804
29618 12707
29618 12713
29618 16573
29642 1998
29642 5908
29642 12786
29642 14371
29642 14531
29642 16790
29642 17878
29642 18342
29642 18967
29642 23462
29642 27992
29686 10576
29686 15321
29686 16262
29692 3187
29692 10219
29692 14589
29692 14905
29692 15725
29692 23113
29692 25044
29692 27893
29692 28378
29692 30172
29723 1156
29723 1373
29723 1488
29723 1843
29723 3949
29723 5457
29723 5940
29723 6515
29723 6753
29723 7647
29723 13603
29723 13940
29723 18321
29723 18668
29723 22129
29723 22211
29723 22765
29728 1358
29728 3789
29728 3948
29728 13931
29728 15080
29735 886
29735 1335
29735 5269
29735 14961
29735 15974
29735 17921
29735 18325
29735 19948
29735 21422
29735 23236
29735 23246
29760 4223
29760 11227
29760 15112
29760 15282
29760 18814
29760 18973
29760 20524
29760 21031
29760 22716
29760 25274
29760 25984
29760 30394
29810 796
29810 797
29810 900
29810 1613
29810 2752
29810 2895
29810 3114
29810 3135
29810 4884
29810 5513
29810 5924
29810 6349
29810 6773
29810 13644
29810 14216
29810 14453
29810 14923
29810 15139
29810 16492
29810 18332
29810 18947
29810 19144
29810 23518
29810 27392
29871 2653
29871 5666
29871 5753
29871 6299
29871 7106
29871 12769
29871 15144
29871 15251
29871 21157
29871 23203
29871 23491
29871 24662
29871 26189
29871 28980
30045 1278
30045 2434
30045 3130
30045 3785
30045 4867
30045 4872
30045 4958
30045 9979
30045 11265
30045 11593
30045 13919
30045 15250
30045 15254
30045 15962
30045 17909
30045 23090
30045 23303
30045 23361
30045 28408
30045 28419
30152 18656
30196 13813
30204 28161
30253 7283
30394 4223
30394 13331
30394 15112
30394 15282
30394 17605
30394 18973
30394 20524
30394 21031
30394 25274
30394 25984
30394 29760
30396 2138
30396 4504
30396 5265
30396 6125
30396 6905
30396 7055
30396 13160
30396 17769
30396 28262
