1390  -1.01043 0.0481788 -0.0463661 -0.12199 -0.915947 -0.12199 -0.0463661 -0.12199 0.861057 -469.432 31.5423 1.27696 
1178  0.898839 0.331752 -0.0652262 -0.367721 0.766513 -0.12199 -0.0652262 0.0481788 0.842136 442.647 151.242 -3.12771 
539  -0.292097 0.690889 -0.651295 -0.802481 -0.273176 0.0671 -0.12199 0.464079 0.634186 -91.5039 332.343 -273.001 
460  0.653107 0.672029 -0.0463661 -0.651295 0.577484 -0.00852372 -0.0274449 -0.0463661 0.861057 327.843 338.543 -5.15045 
428  -0.14085 0.104881 0.936681 -0.405502 0.388455 -0.103069 -0.424424 -0.424424 -0.0274449 -86.4754 51.5805 539.511 
276  -0.14085 0.936681 0.123803 -0.726857 -0.14085 0.0481788 0.0671 -0.159771 0.672029 -79.3108 453.555 91.449 
272  -0.537829 -0.821402 0.161584 0.653107 -0.500047 -0.178692 0.199426 0.0292576 0.804355 -256.952 -390.83 78.4052 
197  -0.254316 0.558563 0.728731 -0.594531 -0.14085 -0.00852372 0.0859601 -0.462205 0.350613 -145.38 242.964 429.849 
137  0.690889 0.407376 0.50186 -0.405502 0.615326 0.0292576 -0.367721 -0.273176 0.615326 348.6 212.737 285.914 
133  0.27505 0.0103975 -0.953729 -0.14085 0.464079 -0.0274449 0.407376 0.0859601 0.180505 151.223 19.5571 -362.474 
103  -0.651295 0.690889 0.199426 -0.613452 -0.518969 0.0292576 0.142724 -0.12199 0.747652 -340.28 313.798 129.597 
80  0.218286 0.331752 0.842136 -0.273176 0.464079 -0.14085 -0.518969 -0.216474 0.180505 104.02 171.659 489.851 
68  0.615326 0.539702 0.464079 -0.537829 0.482939 0.123803 -0.197552 -0.386642 0.596405 280.035 285.763 286.255 
47  0.104881 0.237208 -0.953729 -0.367721 0.350613 0.0103975 0.331752 0.29391 0.142724 68.4617 116.648 -373.362 
