605  -462.135 -29.7823 -46.5502 0.974462 -0.0652262 0.0859601 -0.12199 -0.0274449 -0.103069 -0.0463661 -0.12199 -0.0274449 
504  -0.0652262 -0.0841474 0.804355 -0.0274449 263.627 386.351 37.1189 0.974462 0.27505 0.199426 0.0671 -0.0274449 
503  0.0103975 -0.00852372 0.823215 -0.0274449 -456.181 73.7737 24.5667 0.974462 -0.311019 0.218286 -0.12199 -0.0274449 
453  174.513 432.25 45.9471 0.993384 0.123803 0.29391 0.0103975 -0.00852372 -0.329879 0.180505 -0.00852372 -0.00852372 
410  -0.159771 -0.707997 0.0481788 -0.0274449 0.0103975 0.0481788 0.672029 -0.0274449 -457.031 64.662 0.350613 0.974462 
399  -0.840324 0.161584 0.199426 -0.0274449 -0.0274449 0.596405 -0.594531 -0.0274449 -0.329879 -0.575671 -0.613452 -0.0274449 
360  -0.500047 0.520781 0.0481788 -0.0274449 0.0103975 -0.0841474 0.728731 -0.0274449 348.808 293.684 -6.88961 0.974462 
318  -0.859245 0.0292576 -0.14085 -0.0274449 -0.0841474 -0.878105 -0.0274449 -0.0274449 -0.14085 -0.00852372 0.861057 -0.0274449 
255  0.104881 0.27505 0.539702 -0.0274449 -236.63 336.312 -155.059 0.974462 -0.0652262 0.142724 -0.12199 -0.0274449 
245  -0.651295 -0.103069 0.142724 -0.0274449 0.0671 0.350613 0.520781 -0.0274449 -60.369 350.585 -245.931 0.974462 
228  -0.197552 0.747652 -0.197552 -0.0274449 -0.802481 -0.235395 -0.14085 -0.0274449 -0.178692 0.123803 0.804355 -0.0274449 
209  -0.707997 0.27505 -0.0463661 -0.0274449 -0.0841474 -0.103069 0.70981 -0.0274449 192.585 418.696 44.9073 0.974462 
195  0.766513 0.256129 0.0859601 -0.0274449 -0.311019 0.785434 -0.00852372 -0.0274449 -0.14085 -0.0841474 0.842136 -0.0274449 
163  -64.7925 223.512 462.95 0.974462 0.0671 0.27505 0.369534 -0.0274449 -0.254316 0.0859601 -0.0463661 -0.0274449 
150  0.0859601 0.804355 -0.0652262 -0.0274449 -0.00852372 -0.0841474 -0.821402 -0.0274449 -0.821402 0.104881 -0.0652262 -0.0274449 
109  0.29391 0.104881 -0.424424 -0.0274449 0.331752 0.237208 0.312831 -0.0274449 85.929 -417.787 90.8251 0.974462 
97  -292.926 243.569 -205.741 0.974462 -0.329879 0.29391 -0.273176 -0.0274449 -0.14085 -0.197552 0.0103975 -0.0274449 
63  0.0859601 -0.159771 0.426236 -0.0274449 -243.095 352.305 194.532 0.974462 -0.197552 0.180505 -0.0463661 -0.0274449 
