5334
660.127
576.194
671.47
444.622
567.12
453.696
485.454
433.279
449.159
374.299
567.12
533.093
576.194
610.221
700.96
703.228
728.182
696.423
533.093
453.696
512.676
483.186
669.201
641.979
646.517
501.334
603.415
392.447
687.349
764.477
759.94
610.221
564.851
617.026
580.731
535.361
478.649
489.991
415.132
771.283
589.805
617.026
560.314
567.12
408.326
714.571
635.174
630.637
603.415
558.046
485.454
589.805
587.536
687.349
519.482
496.797
433.279
564.851
589.805
603.415
605.684
619.295
578.462
415.132
598.878
517.213
644.248
592.073
528.556
687.349
605.684
716.839
451.427
453.696
487.723
460.501
573.925
739.524
537.629
585.268
576.194
655.59
646.517
462.77
501.334
462.77
419.669
553.509
587.536
619.295
569.388
555.777
399.252
528.556
582.999
455.964
390.178
676.007
535.361
607.952
619.295
698.692
623.832
501.334
648.785
662.396
669.201
530.824
657.859
440.085
419.669
519.482
469.575
610.221
646.517
655.59
682.812
710.034
544.435
499.065
485.454
503.602
594.341
524.019
551.24
582.999
610.221
617.026
607.952
471.844
510.408
514.945
598.878
746.33
494.528
548.972
476.381
551.24
669.201
644.248
471.844
587.536
598.878
628.369
610.221
582.999
526.287
555.777
542.167
492.26
501.334
517.213
564.851
412.863
394.715
437.816
374.299
626.1
460.501
546.703
621.563
571.657
598.878
657.859
460.501
462.77
648.785
626.1
573.925
485.454
537.629
576.194
403.789
494.528
496.797
496.797
446.89
483.186
519.482
639.711
619.295
508.139
551.24
641.979
753.135
676.007
739.524
539.898
433.279
469.575
519.482
485.454
601.147
480.918
485.454
564.851
533.093
639.711
524.019
803.042
632.906
601.147
644.248
596.61
669.201
598.878
526.287
474.112
517.213
551.24
385.641
535.361
544.435
576.194
585.268
648.785
621.563
812.115
630.637
440.085
560.314
548.972
646.517
408.326
372.031
662.396
739.524
603.415
623.832
514.945
505.871
696.423
533.093
510.408
630.637
530.824
508.139
542.167
721.376
542.167
635.174
474.112
671.47
705.497
619.295
392.447
687.349
660.127
664.664
666.933
635.174
460.501
580.731
546.703
480.918
576.194
408.326
539.898
528.556
619.295
474.112
660.127
669.201
664.664
517.213
406.058
569.388
651.053
632.906
739.524
598.878
437.816
424.206
630.637
648.785
614.758
501.334
483.186
560.314
533.093
592.073
524.019
651.053
657.859
496.797
399.252
551.24
478.649
451.427
612.489
526.287
474.112
558.046
564.851
524.019
412.863
587.536
644.248
619.295
444.622
660.127
628.369
646.517
560.314
530.824
571.657
487.723
539.898
680.544
558.046
446.89
614.758
682.812
753.135
689.618
594.341
539.898
435.548
433.279
451.427
562.583
508.139
694.155
524.019
562.583
431.011
528.556
671.47
703.228
660.127
651.053
514.945
682.812
676.007
573.925
474.112
621.563
589.805
619.295
569.388
569.388
585.268
617.026
526.287
465.038
630.637
431.011
467.307
471.844
444.622
648.785
766.746
762.209
560.314
467.307
392.447
651.053
623.832
662.396
723.645
741.793
685.081
673.738
426.474
410.595
539.898
596.61
612.489
598.878
601.147
635.174
551.24
431.011
508.139
698.692
660.127
682.812
710.034
619.295
424.206
383.373
426.474
396.984
467.307
505.871
596.61
424.206
630.637
626.1
440.085
437.816
487.723
387.91
401.521
653.322
598.878
505.871
483.186
617.026
483.186
503.602
512.676
546.703
487.723
508.139
499.065
437.816
480.918
494.528
460.501
598.878
639.711
589.805
596.61
471.844
455.964
483.186
612.489
465.038
455.964
614.758
653.322
639.711
641.979
648.785
614.758
655.59
671.47
533.093
635.174
646.517
705.497
660.127
580.731
687.349
657.859
671.47
666.933
589.805
567.12
467.307
542.167
571.657
564.851
596.61
446.89
437.816
689.618
666.933
601.147
655.59
514.945
573.925
376.568
428.742
421.937
378.836
728.182
610.221
442.353
673.738
739.524
596.61
573.925
426.474
433.279
437.816
458.233
437.816
455.964
476.381
444.622
569.388
596.61
474.112
483.186
712.302
705.497
666.933
596.61
573.925
524.019
673.738
651.053
394.715
517.213
408.326
489.991
435.548
483.186
707.765
798.505
542.167
489.991
576.194
610.221
489.991
614.758
408.326
428.742
462.77
458.233
412.863
390.178
474.112
474.112
671.47
451.427
489.991
535.361
571.657
487.723
662.396
471.844
483.186
401.521
646.517
657.859
673.738
589.805
433.279
585.268
612.489
496.797
508.139
596.61
605.684
617.026
705.497
417.4
421.937
417.4
374.299
449.159
449.159
451.427
458.233
508.139
710.034
676.007
508.139
669.201
698.692
567.12
553.509
657.859
725.913
671.47
712.302
592.073
601.147
553.509
730.45
594.341
501.334
485.454
512.676
424.206
433.279
571.657
582.999
662.396
664.664
759.94
601.147
410.595
417.4
376.568
403.789
499.065
494.528
521.75
778.088
775.82
764.477
655.59
535.361
689.618
449.159
344.809
394.715
403.789
462.77
514.945
676.007
680.544
648.785
628.369
621.563
660.127
437.816
632.906
612.489
669.201
576.194
578.462
567.12
374.299
412.863
421.937
564.851
578.462
573.925
641.979
537.629
492.26
530.824
410.595
641.979
664.664
478.649
762.209
766.746
666.933
437.816
401.521
372.031
657.859
435.548
462.77
542.167
564.851
551.24
544.435
789.431
780.357
635.174
578.462
428.742
449.159
408.326
476.381
458.233
444.622
485.454
524.019
551.24
401.521
476.381
775.82
641.979
648.785
617.026
728.182
646.517
446.89
360.688
349.346
349.346
569.388
462.77
621.563
723.645
671.47
648.785
696.423
558.046
562.583
598.878
433.279
387.91
440.085
653.322
455.964
555.777
499.065
494.528
383.373
510.408
453.696
428.742
655.59
628.369
669.201
789.431
700.96
569.388
673.738
641.979
406.058
526.287
501.334
573.925
431.011
433.279
560.314
653.322
571.657
471.844
630.637
694.155
662.396
648.785
537.629
419.669
449.159
632.906
694.155
433.279
578.462
553.509
480.918
580.731
467.307
480.918
401.521
562.583
678.275
639.711
666.933
685.081
719.108
669.201
687.349
401.521
458.233
453.696
537.629
589.805
514.945
451.427
558.046
394.715
496.797
641.979
594.341
501.334
444.622
605.684
421.937
469.575
567.12
496.797
694.155
646.517
646.517
678.275
691.886
421.937
451.427
508.139
433.279
381.104
528.556
442.353
592.073
669.201
648.785
567.12
553.509
387.91
612.489
664.664
431.011
741.793
753.135
619.295
582.999
421.937
360.688
505.871
421.937
655.59
641.979
460.501
685.081
628.369
748.598
687.349
569.388
630.637
607.952
483.186
621.563
390.178
678.275
494.528
460.501
408.326
644.248
637.443
564.851
521.75
480.918
451.427
514.945
535.361
460.501
644.248
435.548
682.812
412.863
453.696
723.645
408.326
569.388
571.657
607.952
623.832
603.415
623.832
485.454
428.742
449.159
573.925
383.373
399.252
533.093
508.139
374.299
644.248
657.859
648.785
392.447
474.112
671.47
653.322
630.637
619.295
431.011
372.031
410.595
569.388
576.194
580.731
617.026
628.369
653.322
653.322
685.081
428.742
410.595
426.474
431.011
619.295
610.221
637.443
607.952
707.765
635.174
603.415
390.178
635.174
503.602
669.201
546.703
460.501
558.046
698.692
694.155
685.081
662.396
696.423
703.228
714.571
508.139
501.334
469.575
446.89
573.925
725.913
719.108
766.746
607.952
437.816
603.415
696.423
528.556
496.797
489.991
496.797
592.073
648.785
628.369
626.1
435.548
440.085
419.669
524.019
691.886
666.933
691.886
678.275
612.489
433.279
440.085
460.501
578.462
381.104
644.248
510.408
635.174
780.357
764.477
660.127
703.228
700.96
551.24
426.474
530.824
489.991
759.94
710.034
621.563
465.038
408.326
396.984
753.135
628.369
696.423
412.863
533.093
562.583
517.213
451.427
766.746
619.295
410.595
421.937
485.454
598.878
641.979
526.287
739.524
585.268
698.692
635.174
474.112
539.898
476.381
716.839
569.388
571.657
666.933
673.738
644.248
424.206
469.575
492.26
646.517
603.415
657.859
553.509
437.816
383.373
671.47
426.474
410.595
573.925
571.657
746.33
651.053
666.933
803.042
517.213
476.381
449.159
478.649
453.696
442.353
569.388
521.75
526.287
383.373
605.684
657.859
617.026
698.692
728.182
628.369
617.026
537.629
476.381
537.629
582.999
503.602
560.314
619.295
632.906
637.443
607.952
578.462
410.595
646.517
582.999
676.007
664.664
453.696
408.326
406.058
601.147
637.443
707.765
630.637
589.805
639.711
682.812
721.376
424.206
635.174
462.77
558.046
576.194
567.12
539.898
474.112
666.933
664.664
678.275
551.24
682.812
707.765
719.108
510.408
546.703
471.844
446.89
553.509
678.275
469.575
703.228
730.45
601.147
623.832
626.1
730.45
821.189
759.94
630.637
589.805
510.408
421.937
664.664
521.75
580.731
514.945
519.482
419.669
446.89
655.59
494.528
489.991
728.182
573.925
553.509
714.571
503.602
524.019
548.972
655.59
478.649
485.454
651.053
621.563
646.517
548.972
474.112
555.777
544.435
603.415
653.322
605.684
628.369
607.952
546.703
501.334
626.1
485.454
403.789
410.595
716.839
646.517
646.517
503.602
558.046
446.89
571.657
612.489
485.454
598.878
544.435
505.871
485.454
680.544
605.684
517.213
489.991
569.388
730.45
730.45
639.711
530.824
426.474
496.797
592.073
530.824
535.361
535.361
539.898
499.065
492.26
576.194
553.509
578.462
707.765
485.454
651.053
685.081
603.415
700.96
716.839
446.89
431.011
485.454
390.178
460.501
426.474
440.085
399.252
707.765
687.349
660.127
637.443
410.595
560.314
607.952
778.088
732.719
598.878
580.731
573.925
689.618
446.89
528.556
455.964
582.999
644.248
725.913
465.038
424.206
628.369
587.536
576.194
530.824
685.081
519.482
551.24
628.369
501.334
524.019
691.886
660.127
617.026
401.521
598.878
694.155
598.878
503.602
426.474
440.085
396.984
453.696
626.1
494.528
662.396
691.886
696.423
496.797
437.816
664.664
489.991
585.268
703.228
419.669
528.556
703.228
421.937
489.991
421.937
462.77
394.715
673.738
544.435
417.4
535.361
669.201
580.731
460.501
424.206
424.206
646.517
651.053
544.435
453.696
449.159
410.595
626.1
435.548
426.474
555.777
419.669
680.544
641.979
494.528
476.381
571.657
392.447
476.381
687.349
689.618
458.233
453.696
435.548
483.186
435.548
453.696
353.883
449.159
569.388
465.038
453.696
442.353
378.836
412.863
433.279
753.135
703.228
703.228
710.034
605.684
589.805
494.528
582.999
691.886
537.629
496.797
542.167
635.174
564.851
539.898
596.61
510.408
676.007
517.213
494.528
660.127
417.4
528.556
639.711
641.979
666.933
614.758
755.404
644.248
401.521
503.602
580.731
412.863
666.933
705.497
689.618
710.034
619.295
535.361
465.038
614.758
503.602
594.341
603.415
587.536
623.832
607.952
610.221
455.964
458.233
467.307
471.844
455.964
644.248
585.268
678.275
596.61
612.489
664.664
564.851
610.221
528.556
664.664
512.676
492.26
417.4
542.167
444.622
601.147
734.987
426.474
385.641
530.824
421.937
374.299
610.221
528.556
546.703
528.556
671.47
437.816
394.715
517.213
673.738
539.898
564.851
564.851
628.369
630.637
453.696
530.824
510.408
578.462
630.637
415.132
503.602
530.824
533.093
564.851
696.423
644.248
469.575
598.878
576.194
578.462
610.221
571.657
628.369
573.925
542.167
548.972
578.462
676.007
585.268
660.127
548.972
601.147
408.326
421.937
508.139
503.602
505.871
530.824
580.731
594.341
639.711
564.851
376.568
680.544
573.925
530.824
564.851
623.832
480.918
542.167
598.878
705.497
664.664
526.287
548.972
558.046
548.972
607.952
428.742
646.517
555.777
562.583
517.213
644.248
641.979
510.408
696.423
587.536
619.295
632.906
589.805
503.602
446.89
512.676
387.91
403.789
605.684
558.046
691.886
555.777
496.797
694.155
512.676
580.731
564.851
551.24
719.108
585.268
419.669
567.12
666.933
465.038
485.454
433.279
530.824
548.972
501.334
501.334
514.945
646.517
435.548
378.836
555.777
546.703
578.462
548.972
517.213
646.517
676.007
524.019
687.349
424.206
535.361
465.038
544.435
560.314
585.268
657.859
641.979
451.427
571.657
612.489
510.408
462.77
533.093
467.307
471.844
460.501
444.622
462.77
573.925
560.314
696.423
449.159
476.381
537.629
542.167
487.723
607.952
521.75
460.501
424.206
539.898
582.999
517.213
676.007
673.738
621.563
614.758
589.805
485.454
651.053
501.334
489.991
521.75
533.093
548.972
605.684
455.964
428.742
489.991
510.408
551.24
687.349
632.906
489.991
558.046
437.816
508.139
598.878
564.851
394.715
644.248
394.715
601.147
578.462
526.287
553.509
621.563
449.159
421.937
367.494
494.528
474.112
644.248
387.91
449.159
458.233
585.268
614.758
514.945
601.147
587.536
648.785
612.489
585.268
449.159
573.925
499.065
494.528
483.186
521.75
503.602
476.381
596.61
582.999
467.307
435.548
476.381
555.777
576.194
587.536
533.093
612.489
676.007
390.178
621.563
508.139
501.334
573.925
415.132
503.602
437.816
594.341
617.026
687.349
651.053
374.299
365.225
537.629
621.563
544.435
671.47
465.038
483.186
492.26
494.528
390.178
619.295
635.174
614.758
553.509
605.684
576.194
594.341
580.731
601.147
489.991
406.058
435.548
517.213
492.26
582.999
521.75
489.991
628.369
517.213
460.501
496.797
571.657
567.12
592.073
535.361
553.509
558.046
492.26
426.474
578.462
651.053
417.4
539.898
562.583
526.287
639.711
476.381
567.12
560.314
539.898
494.528
512.676
485.454
514.945
621.563
639.711
614.758
666.933
548.972
673.738
512.676
537.629
437.816
435.548
517.213
519.482
524.019
367.494
601.147
682.812
512.676
487.723
533.093
453.696
390.178
465.038
419.669
499.065
528.556
483.186
483.186
508.139
501.334
671.47
440.085
526.287
607.952
553.509
641.979
555.777
451.427
381.104
512.676
533.093
508.139
451.427
539.898
499.065
512.676
451.427
521.75
512.676
582.999
453.696
533.093
637.443
571.657
626.1
521.75
553.509
489.991
494.528
406.058
478.649
512.676
426.474
560.314
553.509
555.777
573.925
442.353
503.602
471.844
424.206
406.058
589.805
571.657
648.785
605.684
469.575
521.75
553.509
517.213
512.676
485.454
514.945
603.415
415.132
385.641
440.085
451.427
446.89
576.194
603.415
578.462
628.369
612.489
716.839
660.127
526.287
469.575
433.279
530.824
535.361
521.75
537.629
524.019
410.595
573.925
514.945
775.82
614.758
544.435
412.863
471.844
478.649
392.447
415.132
494.528
553.509
555.777
546.703
596.61
415.132
589.805
564.851
571.657
553.509
558.046
503.602
496.797
530.824
524.019
562.583
474.112
435.548
424.206
428.742
621.563
651.053
535.361
644.248
526.287
521.75
580.731
428.742
503.602
474.112
440.085
401.521
601.147
548.972
635.174
492.26
387.91
387.91
455.964
376.568
612.489
648.785
607.952
580.731
521.75
569.388
542.167
639.711
533.093
526.287
449.159
628.369
548.972
469.575
530.824
530.824
587.536
558.046
526.287
539.898
524.019
469.575
426.474
587.536
551.24
555.777
503.602
501.334
521.75
492.26
458.233
533.093
471.844
514.945
462.77
551.24
676.007
728.182
651.053
578.462
571.657
499.065
449.159
737.256
485.454
431.011
460.501
528.556
530.824
489.991
485.454
428.742
431.011
582.999
748.598
592.073
546.703
449.159
519.482
639.711
592.073
655.59
662.396
503.602
664.664
630.637
660.127
734.987
698.692
558.046
560.314
571.657
689.618
719.108
567.12
680.544
773.551
789.431
800.773
764.477
775.82
909.66
762.209
843.874
875.633
796.236
669.201
787.162
775.82
750.867
753.135
648.785
558.046
707.765
707.765
526.287
607.952
524.019
544.435
696.423
596.61
567.12
598.878
542.167
455.964
539.898
535.361
662.396
471.844
546.703
548.972
601.147
732.719
741.793
689.618
707.765
660.127
637.443
514.945
623.832
494.528
603.415
651.053
687.349
698.692
796.236
619.295
555.777
671.47
746.33
775.82
519.482
469.575
567.12
721.376
800.773
467.307
607.952
605.684
617.026
630.637
560.314
564.851
753.135
757.672
755.404
734.987
673.738
442.353
374.299
678.275
555.777
480.918
485.454
830.263
428.742
401.521
603.415
503.602
544.435
694.155
662.396
501.334
496.797
510.408
592.073
385.641
399.252
530.824
546.703
558.046
662.396
512.676
601.147
537.629
551.24
485.454
793.968
639.711
594.341
544.435
505.871
394.715
444.622
499.065
530.824
487.723
530.824
573.925
587.536
467.307
392.447
426.474
533.093
499.065
558.046
628.369
567.12
544.435
542.167
555.777
571.657
503.602
433.279
521.75
700.96
539.898
648.785
558.046
546.703
510.408
617.026
469.575
455.964
632.906
542.167
639.711
544.435
660.127
651.053
567.12
666.933
567.12
607.952
594.341
607.952
514.945
580.731
594.341
537.629
551.24
442.353
612.489
401.521
453.696
424.206
417.4
444.622
433.279
417.4
510.408
517.213
505.871
496.797
567.12
598.878
739.524
605.684
691.886
449.159
558.046
514.945
494.528
437.816
560.314
569.388
784.894
771.283
644.248
796.236
542.167
396.984
503.602
501.334
662.396
514.945
710.034
535.361
535.361
580.731
542.167
458.233
592.073
424.206
435.548
426.474
410.595
526.287
596.61
651.053
694.155
578.462
474.112
555.777
406.058
535.361
725.913
607.952
546.703
524.019
553.509
619.295
662.396
455.964
460.501
442.353
530.824
503.602
503.602
694.155
489.991
533.093
492.26
514.945
698.692
617.026
578.462
632.906
646.517
442.353
487.723
446.89
453.696
426.474
419.669
426.474
449.159
494.528
533.093
514.945
442.353
671.47
628.369
573.925
546.703
544.435
544.435
660.127
623.832
596.61
535.361
544.435
519.482
567.12
521.75
399.252
607.952
401.521
576.194
678.275
700.96
455.964
519.482
607.952
560.314
560.314
592.073
537.629
548.972
521.75
555.777
510.408
535.361
387.91
392.447
444.622
474.112
685.081
614.758
651.053
576.194
567.12
637.443
612.489
605.684
435.548
369.762
514.945
530.824
410.595
521.75
512.676
542.167
728.182
501.334
542.167
628.369
489.991
598.878
501.334
455.964
691.886
385.641
378.836
526.287
589.805
589.805
582.999
555.777
773.551
635.174
791.699
639.711
623.832
592.073
703.228
671.47
374.299
347.077
476.381
387.91
528.556
530.824
501.334
603.415
619.295
784.894
614.758
737.256
415.132
571.657
548.972
553.509
607.952
605.684
535.361
524.019
589.805
519.482
610.221
589.805
537.629
596.61
637.443
535.361
528.556
648.785
526.287
601.147
589.805
519.482
460.501
483.186
519.482
567.12
621.563
573.925
571.657
587.536
612.489
567.12
539.898
444.622
381.104
485.454
385.641
453.696
612.489
598.878
505.871
419.669
383.373
390.178
465.038
392.447
605.684
546.703
503.602
750.867
571.657
617.026
514.945
558.046
460.501
487.723
480.918
417.4
449.159
394.715
390.178
796.236
632.906
655.59
533.093
682.812
424.206
383.373
551.24
710.034
685.081
691.886
680.544
607.952
571.657
628.369
514.945
390.178
501.334
594.341
610.221
691.886
651.053
564.851
662.396
542.167
440.085
546.703
521.75
621.563
553.509
567.12
390.178
421.937
614.758
791.699
480.918
408.326
508.139
592.073
524.019
594.341
514.945
376.568
412.863
460.501
551.24
696.423
567.12
669.201
669.201
512.676
558.046
542.167
617.026
446.89
458.233
558.046
737.256
528.556
655.59
546.703
553.509
639.711
619.295
553.509
548.972
417.4
478.649
578.462
553.509
562.583
437.816
562.583
390.178
558.046
601.147
621.563
376.568
607.952
607.952
594.341
390.178
483.186
539.898
626.1
660.127
533.093
503.602
455.964
460.501
437.816
467.307
442.353
465.038
424.206
533.093
710.034
612.489
603.415
605.684
560.314
598.878
517.213
621.563
519.482
485.454
381.104
626.1
601.147
553.509
483.186
548.972
648.785
619.295
587.536
646.517
455.964
415.132
542.167
533.093
546.703
780.357
734.987
773.551
519.482
664.664
526.287
587.536
381.104
496.797
508.139
508.139
546.703
533.093
496.797
369.762
376.568
580.731
671.47
744.061
628.369
610.221
589.805
676.007
571.657
623.832
662.396
569.388
453.696
553.509
580.731
621.563
585.268
607.952
678.275
666.933
596.61
558.046
437.816
537.629
694.155
617.026
653.322
635.174
632.906
396.984
406.058
576.194
605.684
505.871
569.388
712.302
440.085
446.89
546.703
551.24
546.703
569.388
564.851
553.509
535.361
637.443
703.228
542.167
601.147
446.89
421.937
607.952
528.556
524.019
528.556
614.758
592.073
632.906
648.785
555.777
555.777
787.162
610.221
594.341
571.657
428.742
403.789
385.641
535.361
517.213
496.797
480.918
673.738
678.275
524.019
496.797
514.945
419.669
433.279
415.132
419.669
401.521
628.369
544.435
628.369
573.925
644.248
521.75
630.637
548.972
564.851
621.563
433.279
612.489
567.12
542.167
560.314
537.629
596.61
635.174
544.435
592.073
449.159
621.563
426.474
587.536
471.844
483.186
446.89
378.836
442.353
433.279
399.252
555.777
555.777
539.898
612.489
535.361
528.556
553.509
696.423
646.517
521.75
542.167
589.805
582.999
580.731
492.26
569.388
571.657
571.657
555.777
501.334
437.816
576.194
503.602
630.637
632.906
449.159
446.89
501.334
524.019
741.793
578.462
759.94
628.369
655.59
544.435
569.388
601.147
594.341
655.59
673.738
560.314
725.913
512.676
700.96
651.053
558.046
803.042
505.871
499.065
449.159
390.178
499.065
539.898
582.999
582.999
548.972
562.583
664.664
655.59
694.155
455.964
417.4
553.509
528.556
544.435
524.019
585.268
485.454
553.509
546.703
501.334
535.361
374.299
505.871
603.415
594.341
601.147
512.676
499.065
798.505
605.684
555.777
646.517
533.093
596.61
514.945
678.275
660.127
542.167
514.945
644.248
596.61
394.715
487.723
514.945
480.918
580.731
562.583
589.805
533.093
514.945
369.762
542.167
734.987
585.268
805.31
673.738
660.127
560.314
666.933
623.832
694.155
358.42
569.388
587.536
474.112
503.602
755.404
651.053
635.174
705.497
725.913
603.415
508.139
780.357
657.859
431.011
396.984
365.225
421.937
508.139
682.812
732.719
694.155
809.847
703.228
834.8
598.878
716.839
632.906
639.711
594.341
417.4
598.878
474.112
478.649
426.474
657.859
524.019
582.999
582.999
524.019
505.871
585.268
528.556
744.061
428.742
408.326
433.279
424.206
753.135
793.968
571.657
691.886
682.812
732.719
807.578
771.283
671.47
542.167
492.26
807.578
521.75
601.147
639.711
539.898
546.703
489.991
496.797
558.046
514.945
426.474
453.696
757.672
714.571
728.182
746.33
573.925
494.528
734.987
798.505
628.369
573.925
789.431
703.228
410.595
433.279
571.657
721.376
617.026
662.396
598.878
782.625
744.061
687.349
546.703
485.454
369.762
592.073
440.085
408.326
426.474
580.731
510.408
657.859
691.886
626.1
644.248
598.878
578.462
496.797
526.287
499.065
494.528
494.528
360.688
487.723
551.24
530.824
646.517
687.349
721.376
687.349
601.147
580.731
555.777
585.268
528.556
696.423
555.777
403.789
607.952
664.664
462.77
483.186
555.777
528.556
530.824
601.147
601.147
619.295
657.859
660.127
816.652
730.45
548.972
494.528
567.12
517.213
594.341
551.24
753.135
569.388
499.065
628.369
730.45
637.443
734.987
755.404
653.322
628.369
519.482
678.275
474.112
387.91
555.777
628.369
669.201
589.805
691.886
440.085
539.898
564.851
594.341
396.984
632.906
648.785
657.859
664.664
646.517
614.758
496.797
533.093
628.369
555.777
614.758
676.007
680.544
546.703
678.275
533.093
669.201
539.898
603.415
412.863
446.89
390.178
372.031
612.489
623.832
569.388
653.322
505.871
576.194
505.871
576.194
576.194
682.812
494.528
524.019
671.47
569.388
455.964
460.501
689.618
614.758
614.758
533.093
548.972
567.12
501.334
605.684
641.979
641.979
505.871
803.042
626.1
730.45
589.805
526.287
637.443
671.47
739.524
657.859
381.104
421.937
471.844
530.824
753.135
564.851
605.684
737.256
567.12
666.933
528.556
567.12
519.482
424.206
480.918
716.839
533.093
664.664
598.878
503.602
428.742
424.206
376.568
646.517
465.038
734.987
598.878
714.571
778.088
526.287
605.684
705.497
632.906
630.637
651.053
714.571
666.933
594.341
662.396
519.482
739.524
444.622
494.528
424.206
755.404
778.088
664.664
637.443
673.738
607.952
596.61
571.657
431.011
499.065
417.4
524.019
390.178
403.789
589.805
603.415
617.026
741.793
766.746
662.396
728.182
664.664
431.011
551.24
607.952
773.551
805.31
773.551
791.699
539.898
496.797
533.093
564.851
544.435
428.742
505.871
612.489
662.396
487.723
551.24
641.979
610.221
585.268
671.47
408.326
524.019
530.824
487.723
526.287
467.307
560.314
535.361
546.703
641.979
655.59
548.972
494.528
537.629
508.139
526.287
607.952
560.314
564.851
415.132
367.494
353.883
712.302
560.314
487.723
730.45
623.832
621.563
587.536
739.524
555.777
685.081
474.112
635.174
417.4
381.104
510.408
614.758
537.629
558.046
569.388
576.194
524.019
598.878
653.322
437.816
483.186
492.26
614.758
487.723
603.415
610.221
533.093
560.314
428.742
555.777
421.937
558.046
800.773
653.322
614.758
680.544
805.31
814.384
623.832
442.353
592.073
626.1
748.598
832.532
848.411
789.431
664.664
823.458
705.497
646.517
825.726
587.536
428.742
467.307
546.703
666.933
644.248
535.361
723.645
592.073
544.435
630.637
605.684
821.189
537.629
544.435
585.268
535.361
585.268
630.637
446.89
635.174
598.878
601.147
537.629
503.602
440.085
451.427
569.388
544.435
530.824
530.824
592.073
530.824
607.952
551.24
553.509
603.415
576.194
537.629
548.972
535.361
474.112
544.435
455.964
551.24
494.528
440.085
555.777
514.945
569.388
555.777
582.999
524.019
519.482
528.556
578.462
378.836
406.058
435.548
710.034
626.1
641.979
505.871
601.147
503.602
700.96
458.233
410.595
410.595
526.287
553.509
510.408
601.147
621.563
415.132
546.703
403.789
396.984
396.984
678.275
544.435
569.388
548.972
478.649
585.268
791.699
592.073
750.867
564.851
716.839
617.026
666.933
437.816
478.649
567.12
424.206
385.641
433.279
542.167
530.824
546.703
662.396
635.174
619.295
644.248
744.061
630.637
623.832
628.369
533.093
410.595
419.669
524.019
474.112
496.797
537.629
492.26
551.24
539.898
637.443
587.536
571.657
553.509
521.75
519.482
512.676
651.053
455.964
673.738
449.159
433.279
544.435
553.509
544.435
551.24
619.295
626.1
519.482
539.898
505.871
603.415
791.699
793.968
605.684
764.477
617.026
605.684
655.59
576.194
489.991
440.085
446.89
573.925
560.314
474.112
480.918
560.314
646.517
535.361
555.777
537.629
569.388
607.952
505.871
496.797
460.501
603.415
537.629
607.952
589.805
562.583
662.396
666.933
530.824
571.657
546.703
558.046
582.999
657.859
533.093
548.972
499.065
601.147
431.011
637.443
707.765
698.692
626.1
830.263
782.625
803.042
757.672
607.952
641.979
462.77
444.622
451.427
585.268
592.073
510.408
580.731
560.314
617.026
567.12
501.334
553.509
514.945
437.816
646.517
483.186
440.085
385.641
646.517
617.026
519.482
548.972
401.521
705.497
646.517
671.47
721.376
478.649
499.065
594.341
753.135
567.12
551.24
487.723
526.287
551.24
619.295
582.999
426.474
426.474
555.777
505.871
725.913
644.248
596.61
492.26
569.388
560.314
610.221
548.972
637.443
483.186
401.521
510.408
442.353
508.139
578.462
610.221
725.913
734.987
635.174
837.069
766.746
764.477
852.948
546.703
560.314
582.999
444.622
442.353
750.867
778.088
775.82
678.275
707.765
401.521
524.019
483.186
546.703
542.167
544.435
485.454
406.058
535.361
505.871
548.972
487.723
587.536
698.692
582.999
496.797
580.731
605.684
478.649
399.252
444.622
619.295
514.945
533.093
487.723
394.715
617.026
576.194
535.361
449.159
478.649
682.812
691.886
691.886
657.859
569.388
592.073
471.844
710.034
639.711
603.415
558.046
564.851
412.863
603.415
537.629
533.093
542.167
546.703
537.629
539.898
544.435
528.556
539.898
528.556
578.462
582.999
542.167
614.758
596.61
542.167
646.517
676.007
592.073
635.174
694.155
465.038
465.038
431.011
435.548
655.59
542.167
569.388
485.454
562.583
499.065
723.645
548.972
569.388
526.287
558.046
526.287
537.629
589.805
576.194
460.501
478.649
664.664
451.427
503.602
476.381
514.945
578.462
607.952
694.155
601.147
503.602
653.322
562.583
548.972
399.252
406.058
514.945
621.563
623.832
467.307
539.898
542.167
607.952
501.334
517.213
582.999
671.47
632.906
524.019
453.696
562.583
673.738
533.093
651.053
539.898
601.147
641.979
576.194
548.972
539.898
546.703
514.945
533.093
528.556
496.797
521.75
605.684
455.964
446.89
555.777
601.147
519.482
635.174
451.427
639.711
578.462
483.186
396.984
660.127
555.777
617.026
555.777
546.703
533.093
519.482
526.287
530.824
655.59
680.544
605.684
569.388
460.501
734.987
587.536
580.731
487.723
635.174
483.186
666.933
632.906
614.758
764.477
818.921
741.793
800.773
816.652
805.31
825.726
719.108
696.423
703.228
730.45
784.894
716.839
480.918
521.75
446.89
655.59
560.314
660.127
585.268
514.945
651.053
569.388
542.167
696.423
517.213
471.844
582.999
526.287
483.186
512.676
607.952
533.093
469.575
632.906
526.287
539.898
582.999
660.127
605.684
542.167
508.139
537.629
528.556
521.75
632.906
505.871
455.964
630.637
548.972
657.859
666.933
483.186
671.47
560.314
685.081
580.731
503.602
537.629
548.972
514.945
496.797
483.186
480.918
641.979
573.925
528.556
521.75
530.824
546.703
512.676
492.26
592.073
617.026
544.435
580.731
453.696
503.602
526.287
671.47
553.509
521.75
530.824
528.556
662.396
580.731
632.906
628.369
555.777
707.765
548.972
483.186
748.598
678.275
628.369
449.159
417.4
662.396
721.376
605.684
567.12
521.75
494.528
403.789
553.509
533.093
546.703
750.867
737.256
415.132
619.295
528.556
510.408
526.287
530.824
526.287
617.026
530.824
567.12
560.314
535.361
505.871
437.816
535.361
535.361
537.629
542.167
519.482
646.517
587.536
467.307
487.723
546.703
514.945
499.065
524.019
564.851
517.213
551.24
435.548
376.568
542.167
542.167
476.381
578.462
644.248
648.785
555.777
469.575
483.186
596.61
564.851
641.979
641.979
662.396
496.797
514.945
499.065
526.287
562.583
562.583
387.91
560.314
480.918
535.361
578.462
519.482
424.206
528.556
641.979
617.026
524.019
542.167
703.228
612.489
619.295
446.89
551.24
648.785
662.396
746.33
730.45
775.82
764.477
691.886
617.026
700.96
666.933
612.489
728.182
362.957
537.629
458.233
725.913
471.844
494.528
535.361
514.945
644.248
553.509
612.489
646.517
612.489
607.952
571.657
655.59
524.019
548.972
496.797
494.528
662.396
455.964
714.571
573.925
646.517
555.777
682.812
673.738
730.45
723.645
651.053
664.664
573.925
750.867
782.625
848.411
846.143
460.501
460.501
501.334
496.797
680.544
789.431
469.575
607.952
517.213
537.629
592.073
485.454
585.268
648.785
451.427
594.341
700.96
526.287
567.12
648.785
639.711
648.785
669.201
582.999
787.162
635.174
489.991
505.871
548.972
562.583
619.295
503.602
573.925
725.913
705.497
698.692
651.053
567.12
562.583
517.213
641.979
646.517
703.228
539.898
637.443
582.999
592.073
353.883
594.341
544.435
412.863
542.167
707.765
657.859
437.816
505.871
567.12
719.108
651.053
639.711
632.906
703.228
521.75
578.462
465.038
433.279
476.381
533.093
489.991
453.696
596.61
589.805
746.33
755.404
603.415
739.524
519.482
594.341
576.194
548.972
489.991
408.326
480.918
530.824
680.544
696.423
685.081
478.649
499.065
592.073
512.676
431.011
621.563
492.26
471.844
451.427
426.474
469.575
521.75
610.221
571.657
592.073
546.703
576.194
587.536
573.925
383.373
605.684
598.878
521.75
499.065
737.256
778.088
800.773
474.112
474.112
510.408
657.859
707.765
415.132
426.474
528.556
685.081
562.583
558.046
483.186
462.77
528.556
533.093
469.575
431.011
603.415
489.991
623.832
542.167
682.812
539.898
562.583
567.12
548.972
501.334
412.863
431.011
510.408
662.396
474.112
453.696
673.738
546.703
553.509
526.287
655.59
437.816
365.225
489.991
880.17
648.785
669.201
626.1
548.972
476.381
587.536
639.711
678.275
664.664
544.435
585.268
653.322
632.906
555.777
455.964
614.758
426.474
578.462
639.711
517.213
664.664
567.12
578.462
628.369
589.805
517.213
619.295
660.127
537.629
426.474
465.038
501.334
539.898
560.314
437.816
453.696
524.019
757.672
521.75
521.75
544.435
578.462
571.657
446.89
462.77
787.162
564.851
571.657
485.454
548.972
614.758
723.645
580.731
521.75
496.797
465.038
587.536
512.676
562.583
617.026
492.26
528.556
521.75
589.805
607.952
637.443
519.482
603.415
662.396
433.279
458.233
694.155
623.832
655.59
542.167
469.575
544.435
537.629
465.038
424.206
421.937
492.26
628.369
517.213
569.388
578.462
505.871
478.649
442.353
469.575
435.548
558.046
621.563
524.019
492.26
378.836
406.058
700.96
732.719
571.657
526.287
548.972
521.75
505.871
517.213
421.937
451.427
530.824
635.174
619.295
592.073
514.945
553.509
617.026
433.279
444.622
449.159
612.489
462.77
514.945
664.664
719.108
666.933
775.82
637.443
626.1
678.275
660.127
657.859
508.139
437.816
469.575
639.711
514.945
562.583
519.482
610.221
610.221
517.213
510.408
564.851
526.287
480.918
508.139
474.112
553.509
578.462
431.011
555.777
431.011
689.618
528.556
501.334
614.758
503.602
537.629
589.805
496.797
501.334
455.964
412.863
465.038
533.093
646.517
512.676
617.026
673.738
750.867
664.664
619.295
612.489
605.684
682.812
732.719
657.859
521.75
576.194
553.509
562.583
617.026
662.396
442.353
691.886
374.299
696.423
666.933
573.925
431.011
646.517
689.618
671.47
641.979
644.248
471.844
426.474
489.991
537.629
539.898
744.061
666.933
381.104
637.443
548.972
564.851
458.233
530.824
614.758
387.91
410.595
687.349
614.758
664.664
646.517
585.268
614.758
392.447
442.353
471.844
505.871
521.75
589.805
546.703
628.369
548.972
526.287
553.509
614.758
573.925
480.918
589.805
444.622
474.112
465.038
660.127
771.283
603.415
651.053
662.396
657.859
449.159
478.649
521.75
641.979
639.711
462.77
474.112
519.482
617.026
548.972
598.878
474.112
410.595
630.637
533.093
415.132
424.206
426.474
569.388
546.703
573.925
483.186
535.361
576.194
533.093
387.91
571.657
458.233
524.019
453.696
626.1
458.233
700.96
676.007
639.711
571.657
555.777
673.738
673.738
437.816
419.669
632.906
451.427
408.326
685.081
576.194
483.186
544.435
619.295
535.361
503.602
483.186
483.186
551.24
617.026
553.509
562.583
553.509
569.388
685.081
446.89
594.341
399.252
578.462
462.77
587.536
528.556
589.805
614.758
539.898
478.649
455.964
424.206
533.093
533.093
462.77
666.933
415.132
474.112
455.964
383.373
499.065
530.824
460.501
564.851
630.637
582.999
573.925
514.945
499.065
619.295
587.536
451.427
476.381
494.528
542.167
410.595
449.159
435.548
646.517
594.341
537.629
601.147
657.859
653.322
648.785
592.073
573.925
421.937
455.964
542.167
544.435
655.59
651.053
639.711
710.034
542.167
632.906
530.824
548.972
635.174
476.381
603.415
539.898
551.24
558.046
553.509
596.61
499.065
524.019
444.622
465.038
378.836
426.474
446.89
567.12
524.019
605.684
623.832
689.618
694.155
710.034
546.703
501.334
628.369
544.435
501.334
385.641
424.206
396.984
503.602
680.544
691.886
648.785
630.637
707.765
607.952
691.886
682.812
748.598
671.47
671.47
655.59
544.435
530.824
646.517
657.859
662.396
664.664
453.696
548.972
417.4
521.75
539.898
476.381
421.937
573.925
514.945
517.213
465.038
465.038
589.805
601.147
517.213
623.832
567.12
508.139
517.213
592.073
487.723
653.322
558.046
564.851
442.353
394.715
403.789
564.851
426.474
390.178
437.816
517.213
567.12
469.575
587.536
576.194
514.945
483.186
539.898
626.1
558.046
567.12
410.595
455.964
494.528
519.482
555.777
544.435
539.898
399.252
474.112
641.979
632.906
635.174
637.443
519.482
528.556
492.26
641.979
635.174
564.851
469.575
555.777
533.093
412.863
410.595
533.093
546.703
623.832
524.019
562.583
496.797
637.443
576.194
537.629
539.898
548.972
542.167
728.182
592.073
428.742
560.314
662.396
594.341
530.824
646.517
421.937
510.408
664.664
578.462
664.664
759.94
803.042
512.676
539.898
585.268
394.715
412.863
433.279
585.268
415.132
651.053
671.47
410.595
546.703
505.871
596.61
646.517
492.26
553.509
524.019
585.268
567.12
571.657
548.972
528.556
553.509
508.139
605.684
476.381
530.824
544.435
474.112
519.482
539.898
514.945
542.167
598.878
424.206
555.777
469.575
669.201
676.007
805.31
721.376
651.053
755.404
680.544
694.155
678.275
519.482
442.353
564.851
562.583
385.641
435.548
387.91
351.614
544.435
564.851
560.314
632.906
594.341
632.906
646.517
589.805
589.805
614.758
544.435
592.073
635.174
580.731
526.287
449.159
467.307
567.12
517.213
528.556
580.731
548.972
431.011
449.159
564.851
401.521
564.851
517.213
617.026
630.637
596.61
576.194
558.046
487.723
431.011
442.353
501.334
594.341
483.186
394.715
408.326
580.731
537.629
503.602
528.556
607.952
576.194
623.832
655.59
571.657
567.12
521.75
510.408
417.4
592.073
521.75
598.878
576.194
537.629
421.937
676.007
630.637
657.859
698.692
626.1
753.135
755.404
685.081
535.361
546.703
392.447
521.75
501.334
462.77
465.038
521.75
526.287
539.898
460.501
410.595
582.999
612.489
467.307
530.824
537.629
705.497
641.979
499.065
623.832
451.427
535.361
560.314
542.167
601.147
406.058
546.703
592.073
478.649
392.447
782.625
449.159
510.408
533.093
562.583
571.657
576.194
526.287
558.046
585.268
446.89
412.863
632.906
644.248
569.388
562.583
526.287
526.287
526.287
469.575
592.073
610.221
632.906
501.334
505.871
494.528
489.991
528.556
539.898
428.742
442.353
369.762
415.132
428.742
594.341
492.26
471.844
714.571
485.454
539.898
465.038
530.824
623.832
614.758
444.622
759.94
551.24
612.489
406.058
474.112
476.381
410.595
555.777
551.24
623.832
553.509
567.12
578.462
478.649
476.381
641.979
492.26
632.906
544.435
474.112
415.132
474.112
585.268
632.906
607.952
571.657
673.738
762.209
410.595
533.093
469.575
433.279
635.174
539.898
630.637
458.233
682.812
628.369
617.026
571.657
496.797
387.91
639.711
578.462
537.629
596.61
415.132
465.038
505.871
564.851
562.583
614.758
664.664
401.521
533.093
592.073
530.824
492.26
512.676
460.501
417.4
401.521
369.762
585.268
669.201
598.878
614.758
592.073
526.287
564.851
533.093
526.287
558.046
501.334
598.878
521.75
478.649
421.937
548.972
655.59
533.093
544.435
542.167
582.999
601.147
492.26
639.711
517.213
533.093
442.353
505.871
417.4
673.738
510.408
449.159
521.75
564.851
662.396
637.443
576.194
603.415
469.575
467.307
367.494
594.341
524.019
571.657
435.548
521.75
653.322
517.213
671.47
662.396
596.61
555.777
528.556
542.167
639.711
485.454
653.322
603.415
576.194
415.132
580.731
478.649
607.952
453.696
469.575
428.742
501.334
517.213
592.073
471.844
517.213
519.482
451.427
546.703
623.832
660.127
480.918
605.684
576.194
503.602
578.462
546.703
467.307
453.696
630.637
619.295
539.898
458.233
483.186
419.669
449.159
587.536
387.91
521.75
487.723
508.139
458.233
539.898
524.019
569.388
419.669
569.388
528.556
390.178
637.443
685.081
705.497
542.167
648.785
449.159
426.474
555.777
476.381
576.194
387.91
569.388
424.206
571.657
526.287
669.201
592.073
592.073
605.684
614.758
669.201
542.167
446.89
560.314
519.482
592.073
614.758
716.839
492.26
503.602
610.221
676.007
662.396
669.201
514.945
666.933
630.637
834.8
560.314
660.127
587.536
687.349
431.011
455.964
567.12
517.213
612.489
449.159
544.435
512.676
410.595
555.777
476.381
528.556
537.629
410.595
431.011
424.206
444.622
673.738
558.046
601.147
562.583
592.073
630.637
594.341
623.832
666.933
560.314
671.47
553.509
719.108
721.376
605.684
462.77
440.085
542.167
689.618
542.167
587.536
569.388
646.517
537.629
678.275
519.482
594.341
648.785
558.046
471.844
483.186
524.019
521.75
462.77
664.664
685.081
478.649
598.878
562.583
703.228
453.696
580.731
499.065
453.696
492.26
628.369
505.871
487.723
567.12
678.275
524.019
503.602
467.307
553.509
537.629
687.349
503.602
567.12
578.462
514.945
582.999
641.979
655.59
573.925
596.61
576.194
446.89
508.139
580.731
564.851
514.945
596.61
682.812
415.132
548.972
750.867
519.482
582.999
492.26
469.575
512.676
605.684
539.898
408.326
476.381
489.991
607.952
582.999
358.42
442.353
496.797
673.738
732.719
605.684
623.832
571.657
392.447
512.676
671.47
587.536
585.268
440.085
492.26
458.233
580.731
614.758
387.91
449.159
564.851
666.933
428.742
617.026
617.026
569.388
415.132
406.058
546.703
508.139
503.602
503.602
598.878
596.61
449.159
446.89
396.984
449.159
601.147
569.388
444.622
605.684
676.007
460.501
617.026
510.408
757.672
610.221
496.797
528.556
496.797
446.89
510.408
444.622
623.832
592.073
698.692
555.777
376.568
671.47
603.415
596.61
576.194
594.341
637.443
485.454
462.77
408.326
458.233
494.528
442.353
428.742
460.501
530.824
614.758
644.248
664.664
489.991
512.676
467.307
685.081
555.777
431.011
662.396
678.275
533.093
580.731
526.287
505.871
512.676
494.528
551.24
632.906
501.334
512.676
723.645
537.629
580.731
639.711
501.334
499.065
410.595
555.777
396.984
580.731
530.824
390.178
403.789
680.544
610.221
648.785
623.832
607.952
424.206
560.314
503.602
496.797
562.583
571.657
551.24
560.314
637.443
542.167
560.314
648.785
412.863
356.151
390.178
496.797
487.723
510.408
587.536
415.132
521.75
492.26
508.139
478.649
528.556
485.454
598.878
712.302
739.524
748.598
585.268
700.96
689.618
567.12
662.396
489.991
639.711
451.427
539.898
492.26
455.964
489.991
582.999
598.878
567.12
576.194
548.972
360.688
415.132
555.777
537.629
553.509
510.408
548.972
471.844
558.046
619.295
601.147
698.692
685.081
673.738
446.89
589.805
480.918
596.61
612.489
569.388
551.24
505.871
451.427
508.139
417.4
378.836
657.859
453.696
435.548
596.61
582.999
680.544
508.139
548.972
533.093
392.447
582.999
580.731
573.925
603.415
537.629
562.583
578.462
623.832
571.657
685.081
476.381
530.824
440.085
372.031
551.24
562.583
431.011
539.898
673.738
646.517
508.139
535.361
524.019
567.12
483.186
503.602
521.75
376.568
782.625
744.061
637.443
526.287
576.194
635.174
567.12
460.501
551.24
546.703
548.972
548.972
646.517
528.556
530.824
417.4
655.59
564.851
567.12
612.489
521.75
376.568
530.824
492.26
607.952
421.937
533.093
703.228
471.844
603.415
458.233
390.178
383.373
356.151
471.844
465.038
530.824
508.139
526.287
555.777
589.805
453.696
521.75
544.435
655.59
544.435
478.649
678.275
664.664
721.376
499.065
390.178
562.583
546.703
546.703
562.583
476.381
700.96
503.602
483.186
499.065
410.595
419.669
564.851
533.093
487.723
487.723
524.019
612.489
551.24
662.396
705.497
587.536
580.731
485.454
487.723
503.602
564.851
505.871
503.602
548.972
564.851
632.906
569.388
419.669
385.641
372.031
474.112
478.649
453.696
394.715
431.011
514.945
569.388
526.287
725.913
594.341
662.396
628.369
476.381
408.326
406.058
465.038
589.805
610.221
585.268
501.334
494.528
524.019
573.925
587.536
666.933
496.797
587.536
759.94
771.283
737.256
673.738
544.435
415.132
358.42
360.688
562.583
560.314
580.731
526.287
542.167
576.194
558.046
544.435
521.75
580.731
635.174
467.307
746.33
537.629
700.96
530.824
406.058
446.89
710.034
721.376
739.524
508.139
505.871
558.046
517.213
458.233
517.213
401.521
501.334
573.925
769.014
687.349
555.777
374.299
421.937
548.972
605.684
524.019
598.878
533.093
719.108
446.89
496.797
474.112
746.33
478.649
428.742
680.544
435.548
571.657
558.046
669.201
719.108
725.913
610.221
610.221
694.155
580.731
533.093
721.376
544.435
528.556
605.684
512.676
621.563
569.388
567.12
578.462
524.019
526.287
494.528
641.979
610.221
546.703
542.167
571.657
653.322
526.287
589.805
455.964
381.104
551.24
544.435
601.147
651.053
526.287
614.758
555.777
653.322
421.937
555.777
639.711
533.093
662.396
700.96
501.334
476.381
598.878
644.248
539.898
542.167
564.851
539.898
596.61
508.139
519.482
528.556
431.011
580.731
605.684
592.073
680.544
682.812
573.925
662.396
508.139
496.797
449.159
651.053
499.065
521.75
614.758
544.435
757.672
537.629
592.073
651.053
653.322
424.206
628.369
605.684
651.053
569.388
553.509
653.322
662.396
648.785
578.462
621.563
644.248
630.637
639.711
689.618
632.906
365.225
421.937
421.937
499.065
594.341
603.415
489.991
372.031
410.595
428.742
446.89
562.583
664.664
567.12
610.221
544.435
415.132
689.618
519.482
548.972
492.26
562.583
440.085
403.789
408.326
492.26
653.322
700.96
598.878
655.59
646.517
476.381
494.528
598.878
548.972
408.326
478.649
