5335
251.801
226.848
240.459
201.895
222.311
176.941
217.774
197.358
190.552
176.941
199.626
204.163
238.19
260.875
254.07
265.412
288.097
260.875
276.754
206.432
222.311
213.237
301.708
299.439
301.708
197.358
260.875
183.747
294.902
294.902
285.828
238.19
260.875
317.587
224.579
204.163
240.459
229.116
201.895
283.56
242.727
267.681
242.727
274.486
199.626
247.264
281.291
256.338
251.801
279.023
231.385
254.07
263.144
267.681
220.042
256.338
192.821
195.089
204.163
206.432
210.969
215.506
213.237
206.432
199.626
240.459
220.042
215.506
265.412
242.727
229.116
197.358
242.727
192.821
195.089
206.432
176.941
235.922
292.634
210.969
213.237
206.432
210.969
206.432
213.237
222.311
199.626
179.21
208.7
192.821
256.338
231.385
215.506
195.089
231.385
224.579
174.673
188.284
244.996
204.163
235.922
247.264
274.486
254.07
210.969
310.782
301.708
303.976
213.237
247.264
201.895
199.626
201.895
174.673
265.412
258.607
260.875
267.681
222.311
235.922
217.774
204.163
208.7
249.533
224.579
222.311
251.801
231.385
213.237
217.774
192.821
220.042
204.163
242.727
249.533
206.432
238.19
215.506
247.264
247.264
215.506
222.311
240.459
249.533
235.922
242.727
240.459
217.774
224.579
217.774
215.506
213.237
208.7
242.727
199.626
195.089
204.163
174.673
217.774
206.432
210.969
213.237
244.996
188.284
254.07
206.432
201.895
208.7
279.023
238.19
206.432
217.774
201.895
195.089
197.358
199.626
217.774
176.941
204.163
199.626
263.144
222.311
208.7
226.848
267.681
308.513
247.264
290.365
240.459
199.626
204.163
199.626
210.969
183.747
190.552
192.821
201.895
231.385
276.754
222.311
285.828
269.949
256.338
290.365
190.552
206.432
251.801
210.969
197.358
206.432
213.237
186.015
188.284
217.774
249.533
224.579
260.875
263.144
310.782
204.163
201.895
226.848
197.358
251.801
186.015
176.941
254.07
240.459
233.653
294.902
206.432
217.774
249.533
201.895
213.237
292.634
206.432
188.284
195.089
251.801
242.727
256.338
208.7
247.264
292.634
233.653
181.478
238.19
294.902
285.828
283.56
247.264
222.311
263.144
254.07
215.506
249.533
208.7
254.07
222.311
254.07
195.089
283.56
269.949
231.385
208.7
181.478
195.089
240.459
276.754
324.392
220.042
317.587
197.358
310.782
324.392
315.319
201.895
201.895
242.727
263.144
290.365
217.774
276.754
265.412
192.821
176.941
256.338
190.552
197.358
229.116
195.089
217.774
240.459
265.412
242.727
195.089
283.56
306.245
247.264
220.042
290.365
210.969
254.07
254.07
276.754
283.56
220.042
267.681
242.727
256.338
204.163
213.237
317.587
256.338
244.996
215.506
235.922
204.163
204.163
192.821
229.116
220.042
249.533
265.412
254.07
186.015
197.358
265.412
254.07
242.727
254.07
220.042
274.486
290.365
240.459
210.969
274.486
231.385
272.217
235.922
240.459
244.996
260.875
206.432
210.969
258.607
197.358
197.358
204.163
188.284
233.653
306.245
315.319
238.19
206.432
190.552
254.07
233.653
251.801
281.291
283.56
265.412
276.754
208.7
190.552
254.07
281.291
285.828
244.996
249.533
258.607
204.163
199.626
217.774
224.579
251.801
244.996
263.144
233.653
195.089
186.015
195.089
197.358
208.7
220.042
242.727
181.478
240.459
247.264
215.506
229.116
244.996
181.478
188.284
285.828
215.506
201.895
242.727
251.801
217.774
220.042
231.385
222.311
215.506
197.358
210.969
224.579
199.626
208.7
213.237
244.996
256.338
240.459
229.116
208.7
210.969
215.506
238.19
213.237
210.969
217.774
256.338
265.412
238.19
244.996
240.459
220.042
233.653
224.579
224.579
244.996
263.144
256.338
258.607
231.385
231.385
285.828
229.116
254.07
210.969
206.432
222.311
233.653
222.311
226.848
204.163
188.284
301.708
265.412
233.653
274.486
224.579
197.358
190.552
190.552
197.358
176.941
263.144
249.533
208.7
272.217
260.875
247.264
217.774
206.432
204.163
192.821
186.015
190.552
195.089
220.042
206.432
222.311
229.116
192.821
204.163
244.996
258.607
251.801
222.311
267.681
244.996
210.969
244.996
179.21
242.727
208.7
222.311
206.432
213.237
265.412
292.634
199.626
215.506
247.264
288.097
244.996
251.801
201.895
206.432
208.7
210.969
197.358
174.673
215.506
210.969
263.144
210.969
188.284
213.237
242.727
215.506
281.291
208.7
206.432
181.478
265.412
260.875
288.097
217.774
192.821
260.875
229.116
192.821
195.089
224.579
229.116
299.439
213.237
274.486
195.089
204.163
215.506
179.21
208.7
206.432
208.7
208.7
204.163
274.486
256.338
226.848
274.486
301.708
231.385
210.969
224.579
283.56
272.217
281.291
263.144
290.365
269.949
294.902
251.801
249.533
208.7
220.042
197.358
190.552
231.385
210.969
276.754
303.976
276.754
242.727
249.533
265.412
176.941
183.747
260.875
263.144
206.432
297.171
315.319
308.513
260.875
199.626
292.634
188.284
176.941
186.015
192.821
192.821
249.533
301.708
288.097
267.681
263.144
235.922
258.607
199.626
242.727
222.311
260.875
217.774
213.237
213.237
186.015
199.626
188.284
263.144
260.875
242.727
242.727
206.432
208.7
201.895
192.821
242.727
279.023
251.801
292.634
292.634
303.976
195.089
192.821
195.089
283.56
199.626
186.015
240.459
254.07
254.07
260.875
294.902
290.365
269.949
238.19
204.163
204.163
208.7
226.848
213.237
215.506
210.969
220.042
274.486
188.284
235.922
317.587
260.875
260.875
249.533
292.634
251.801
195.089
172.404
172.404
167.867
260.875
208.7
240.459
313.05
229.116
290.365
269.949
213.237
213.237
224.579
206.432
183.747
197.358
269.949
217.774
254.07
199.626
210.969
172.404
233.653
210.969
197.358
238.19
260.875
249.533
317.587
297.171
210.969
279.023
283.56
201.895
265.412
249.533
260.875
206.432
201.895
258.607
306.245
276.754
201.895
240.459
260.875
256.338
256.338
229.116
192.821
206.432
269.949
288.097
197.358
242.727
263.144
220.042
279.023
204.163
235.922
179.21
242.727
251.801
263.144
281.291
260.875
281.291
260.875
260.875
183.747
220.042
208.7
258.607
265.412
224.579
206.432
249.533
192.821
242.727
272.217
258.607
244.996
208.7
276.754
204.163
192.821
290.365
238.19
290.365
258.607
279.023
254.07
306.245
186.015
199.626
217.774
204.163
183.747
206.432
204.163
269.949
269.949
247.264
210.969
233.653
201.895
242.727
269.949
186.015
290.365
315.319
244.996
260.875
204.163
165.599
242.727
183.747
285.828
249.533
213.237
231.385
256.338
301.708
281.291
235.922
238.19
238.19
220.042
267.681
183.747
251.801
215.506
206.432
188.284
220.042
297.171
210.969
263.144
249.533
201.895
226.848
201.895
204.163
283.56
208.7
263.144
188.284
199.626
210.969
186.015
251.801
238.19
226.848
235.922
265.412
231.385
244.996
199.626
213.237
224.579
192.821
190.552
238.19
240.459
188.284
201.895
244.996
249.533
190.552
217.774
265.412
256.338
279.023
238.19
204.163
183.747
201.895
233.653
251.801
226.848
274.486
279.023
281.291
240.459
256.338
254.07
247.264
249.533
288.097
190.552
260.875
199.626
224.579
258.607
235.922
249.533
195.089
263.144
206.432
265.412
249.533
217.774
256.338
306.245
288.097
222.311
222.311
263.144
272.217
288.097
235.922
242.727
222.311
206.432
249.533
297.171
306.245
254.07
260.875
256.338
192.821
292.634
258.607
204.163
290.365
201.895
254.07
276.754
210.969
235.922
201.895
206.432
199.626
231.385
233.653
285.828
276.754
285.828
204.163
204.163
195.089
229.116
242.727
176.941
276.754
186.015
240.459
301.708
303.976
276.754
297.171
299.439
222.311
201.895
244.996
233.653
310.782
288.097
285.828
247.264
183.747
201.895
292.634
240.459
290.365
192.821
215.506
254.07
229.116
201.895
294.902
299.439
210.969
197.358
210.969
238.19
244.996
213.237
317.587
242.727
269.949
258.607
192.821
210.969
199.626
249.533
226.848
224.579
238.19
263.144
315.319
195.089
204.163
233.653
297.171
235.922
238.19
256.338
201.895
188.284
297.171
176.941
192.821
208.7
224.579
288.097
251.801
256.338
308.513
235.922
217.774
215.506
220.042
206.432
199.626
256.338
208.7
233.653
190.552
217.774
229.116
249.533
260.875
231.385
251.801
251.801
256.338
229.116
224.579
242.727
231.385
251.801
226.848
251.801
303.976
247.264
263.144
197.358
294.902
229.116
213.237
331.198
208.7
188.284
201.895
276.754
206.432
313.05
274.486
254.07
281.291
269.949
276.754
208.7
285.828
201.895
279.023
274.486
256.338
249.533
190.552
294.902
267.681
308.513
229.116
220.042
260.875
263.144
188.284
210.969
206.432
204.163
217.774
274.486
210.969
260.875
244.996
197.358
256.338
242.727
333.466
303.976
306.245
290.365
274.486
240.459
186.015
313.05
240.459
267.681
269.949
238.19
197.358
206.432
251.801
231.385
233.653
217.774
181.478
292.634
224.579
197.358
319.856
283.56
258.607
197.358
260.875
233.653
192.821
294.902
210.969
204.163
247.264
210.969
269.949
263.144
242.727
240.459
263.144
179.21
210.969
242.727
201.895
199.626
201.895
235.922
244.996
242.727
210.969
235.922
201.895
276.754
306.245
208.7
210.969
244.996
265.412
242.727
254.07
206.432
242.727
199.626
272.217
267.681
292.634
217.774
195.089
201.895
224.579
285.828
201.895
195.089
188.284
199.626
213.237
215.506
283.56
213.237
204.163
260.875
215.506
238.19
263.144
222.311
279.023
303.976
204.163
210.969
224.579
183.747
206.432
197.358
195.089
179.21
288.097
285.828
247.264
272.217
181.478
265.412
224.579
290.365
297.171
226.848
226.848
206.432
326.661
206.432
224.579
208.7
222.311
269.949
301.708
208.7
183.747
260.875
283.56
281.291
199.626
269.949
213.237
240.459
210.969
247.264
204.163
256.338
235.922
233.653
190.552
235.922
263.144
220.042
226.848
197.358
204.163
183.747
217.774
224.579
201.895
258.607
297.171
281.291
217.774
195.089
265.412
206.432
222.311
358.42
190.552
240.459
279.023
208.7
215.506
204.163
204.163
190.552
274.486
249.533
199.626
201.895
231.385
220.042
206.432
204.163
195.089
251.801
247.264
215.506
195.089
220.042
192.821
292.634
215.506
201.895
256.338
195.089
260.875
244.996
201.895
208.7
224.579
188.284
188.284
258.607
265.412
181.478
199.626
215.506
224.579
220.042
190.552
176.941
186.015
281.291
208.7
217.774
199.626
195.089
206.432
204.163
244.996
310.782
315.319
290.365
263.144
272.217
201.895
244.996
254.07
215.506
229.116
251.801
240.459
233.653
224.579
260.875
233.653
267.681
233.653
235.922
222.311
192.821
208.7
256.338
258.607
269.949
260.875
288.097
251.801
188.284
208.7
258.607
183.747
269.949
288.097
254.07
272.217
229.116
240.459
208.7
249.533
199.626
238.19
238.19
231.385
226.848
263.144
267.681
204.163
206.432
197.358
210.969
186.015
224.579
240.459
251.801
217.774
210.969
201.895
269.949
240.459
226.848
240.459
210.969
197.358
204.163
217.774
204.163
247.264
306.245
186.015
179.21
208.7
197.358
174.673
199.626
197.358
181.478
210.969
251.801
199.626
183.747
210.969
231.385
281.291
220.042
238.19
249.533
260.875
204.163
229.116
195.089
217.774
206.432
204.163
206.432
204.163
220.042
217.774
224.579
251.801
190.552
190.552
213.237
240.459
210.969
226.848
235.922
222.311
220.042
226.848
199.626
240.459
213.237
210.969
235.922
240.459
199.626
192.821
201.895
192.821
208.7
204.163
197.358
201.895
215.506
204.163
183.747
267.681
244.996
222.311
229.116
238.19
204.163
213.237
247.264
281.291
217.774
231.385
204.163
208.7
188.284
208.7
201.895
222.311
206.432
210.969
215.506
258.607
276.754
197.358
267.681
210.969
215.506
231.385
215.506
204.163
204.163
213.237
186.015
183.747
235.922
206.432
263.144
213.237
197.358
269.949
226.848
206.432
217.774
222.311
308.513
213.237
206.432
220.042
251.801
192.821
233.653
197.358
229.116
206.432
229.116
217.774
197.358
217.774
208.7
179.21
213.237
235.922
226.848
240.459
244.996
229.116
265.412
208.7
242.727
195.089
206.432
204.163
247.264
263.144
201.895
251.801
247.264
208.7
204.163
220.042
215.506
204.163
254.07
199.626
204.163
208.7
197.358
201.895
233.653
240.459
292.634
201.895
220.042
186.015
213.237
197.358
199.626
224.579
213.237
188.284
226.848
240.459
210.969
285.828
276.754
231.385
229.116
235.922
233.653
308.513
199.626
206.432
215.506
206.432
201.895
222.311
210.969
208.7
201.895
201.895
204.163
254.07
244.996
199.626
226.848
204.163
220.042
244.996
208.7
199.626
269.949
179.21
233.653
233.653
206.432
210.969
279.023
208.7
201.895
179.21
215.506
201.895
201.895
183.747
204.163
215.506
231.385
276.754
201.895
256.338
260.875
233.653
249.533
208.7
197.358
251.801
215.506
215.506
217.774
208.7
220.042
210.969
251.801
238.19
215.506
204.163
204.163
204.163
220.042
247.264
222.311
249.533
242.727
188.284
251.801
213.237
222.311
240.459
192.821
217.774
204.163
242.727
272.217
263.144
265.412
174.673
179.21
258.607
224.579
217.774
204.163
220.042
210.969
213.237
224.579
190.552
265.412
244.996
260.875
244.996
251.801
235.922
222.311
199.626
195.089
224.579
186.015
206.432
195.089
213.237
231.385
210.969
210.969
206.432
222.311
208.7
199.626
244.996
235.922
222.311
240.459
247.264
235.922
222.311
195.089
244.996
265.412
174.673
235.922
226.848
226.848
256.338
226.848
238.19
235.922
281.291
220.042
222.311
195.089
201.895
254.07
238.19
233.653
238.19
235.922
249.533
233.653
217.774
190.552
199.626
249.533
233.653
208.7
176.941
251.801
269.949
204.163
188.284
215.506
210.969
186.015
190.552
190.552
206.432
258.607
220.042
204.163
188.284
197.358
267.681
183.747
222.311
297.171
195.089
267.681
240.459
204.163
188.284
201.895
242.727
242.727
210.969
269.949
215.506
210.969
210.969
213.237
201.895
235.922
220.042
231.385
333.466
244.996
263.144
204.163
274.486
226.848
201.895
181.478
220.042
251.801
199.626
210.969
210.969
226.848
242.727
188.284
233.653
217.774
201.895
181.478
229.116
215.506
229.116
213.237
210.969
231.385
238.19
192.821
217.774
213.237
208.7
224.579
199.626
195.089
217.774
206.432
210.969
215.506
240.459
233.653
240.459
251.801
265.412
265.412
213.237
197.358
199.626
217.774
215.506
215.506
208.7
210.969
199.626
220.042
204.163
288.097
283.56
254.07
197.358
222.311
204.163
192.821
179.21
213.237
224.579
220.042
240.459
247.264
188.284
231.385
213.237
213.237
204.163
199.626
226.848
217.774
215.506
224.579
222.311
215.506
204.163
197.358
188.284
283.56
231.385
231.385
281.291
224.579
226.848
240.459
186.015
215.506
265.412
206.432
254.07
324.392
197.358
267.681
215.506
181.478
183.747
201.895
235.922
201.895
215.506
279.023
240.459
242.727
244.996
215.506
256.338
222.311
256.338
213.237
301.708
247.264
229.116
233.653
213.237
233.653
213.237
213.237
265.412
247.264
195.089
188.284
260.875
213.237
213.237
213.237
213.237
210.969
217.774
204.163
213.237
201.895
201.895
206.432
263.144
263.144
297.171
254.07
254.07
238.19
197.358
176.941
297.171
215.506
197.358
186.015
229.116
220.042
224.579
224.579
208.7
197.358
279.023
324.392
251.801
224.579
195.089
213.237
244.996
222.311
285.828
288.097
204.163
283.56
235.922
260.875
288.097
313.05
242.727
244.996
242.727
258.607
260.875
279.023
272.217
365.225
369.762
351.614
322.124
317.587
431.011
319.856
374.299
406.058
297.171
367.494
433.279
342.54
292.634
403.789
294.902
281.291
260.875
399.252
215.506
276.754
210.969
222.311
315.319
233.653
242.727
301.708
297.171
188.284
263.144
251.801
272.217
226.848
229.116
269.949
258.607
324.392
328.929
297.171
308.513
288.097
240.459
213.237
272.217
235.922
276.754
297.171
279.023
317.587
360.688
242.727
256.338
331.198
365.225
347.077
206.432
197.358
263.144
301.708
344.809
181.478
226.848
276.754
281.291
281.291
267.681
276.754
310.782
310.782
351.614
351.614
319.856
297.171
190.552
222.311
349.346
235.922
263.144
394.715
188.284
176.941
256.338
208.7
256.338
244.996
222.311
204.163
215.506
215.506
254.07
181.478
192.821
206.432
251.801
210.969
254.07
201.895
229.116
238.19
247.264
213.237
340.272
272.217
281.291
222.311
204.163
199.626
201.895
217.774
235.922
195.089
244.996
258.607
249.533
226.848
190.552
190.552
233.653
233.653
247.264
254.07
258.607
220.042
258.607
251.801
244.996
208.7
190.552
201.895
251.801
256.338
308.513
265.412
235.922
213.237
265.412
226.848
217.774
267.681
244.996
258.607
247.264
269.949
260.875
229.116
290.365
254.07
260.875
269.949
258.607
258.607
263.144
279.023
238.19
220.042
197.358
269.949
192.821
204.163
197.358
190.552
188.284
197.358
199.626
224.579
195.089
197.358
215.506
242.727
279.023
299.439
260.875
288.097
206.432
233.653
210.969
213.237
206.432
213.237
281.291
417.4
328.929
260.875
353.883
238.19
201.895
208.7
220.042
297.171
231.385
306.245
242.727
222.311
226.848
229.116
206.432
283.56
186.015
208.7
204.163
190.552
201.895
263.144
258.607
242.727
265.412
195.089
244.996
183.747
226.848
229.116
265.412
249.533
254.07
244.996
272.217
231.385
206.432
199.626
204.163
254.07
226.848
231.385
303.976
224.579
238.19
206.432
213.237
292.634
299.439
260.875
272.217
254.07
217.774
220.042
208.7
206.432
199.626
199.626
195.089
213.237
213.237
224.579
217.774
197.358
297.171
276.754
254.07
229.116
247.264
235.922
285.828
272.217
279.023
231.385
229.116
240.459
242.727
229.116
176.941
301.708
186.015
256.338
276.754
279.023
213.237
190.552
254.07
244.996
220.042
251.801
226.848
226.848
217.774
224.579
213.237
217.774
181.478
176.941
195.089
181.478
254.07
263.144
256.338
258.607
260.875
267.681
285.828
258.607
195.089
179.21
235.922
222.311
192.821
235.922
229.116
258.607
313.05
240.459
254.07
279.023
235.922
267.681
201.895
195.089
256.338
190.552
183.747
240.459
269.949
276.754
213.237
213.237
313.05
256.338
326.661
240.459
240.459
254.07
290.365
235.922
176.941
176.941
249.533
188.284
206.432
210.969
220.042
247.264
274.486
347.077
213.237
288.097
199.626
231.385
247.264
251.801
260.875
281.291
254.07
233.653
269.949
231.385
269.949
220.042
222.311
260.875
269.949
220.042
220.042
324.392
240.459
274.486
260.875
233.653
204.163
208.7
240.459
249.533
265.412
263.144
279.023
254.07
283.56
242.727
229.116
204.163
188.284
208.7
186.015
208.7
247.264
274.486
197.358
190.552
179.21
183.747
210.969
183.747
267.681
231.385
224.579
265.412
238.19
272.217
233.653
254.07
208.7
238.19
233.653
192.821
204.163
188.284
192.821
324.392
269.949
229.116
215.506
279.023
204.163
195.089
242.727
290.365
308.513
279.023
276.754
294.902
233.653
231.385
244.996
186.015
208.7
260.875
260.875
249.533
267.681
254.07
290.365
217.774
213.237
256.338
238.19
260.875
235.922
235.922
170.136
190.552
220.042
369.762
201.895
183.747
206.432
254.07
242.727
267.681
210.969
181.478
199.626
208.7
256.338
294.902
254.07
294.902
283.56
222.311
242.727
240.459
229.116
204.163
197.358
235.922
333.466
249.533
254.07
233.653
233.653
279.023
283.56
247.264
258.607
201.895
249.533
249.533
242.727
240.459
199.626
242.727
183.747
263.144
281.291
272.217
176.941
254.07
276.754
222.311
186.015
224.579
226.848
260.875
276.754
254.07
249.533
183.747
188.284
179.21
181.478
190.552
186.015
204.163
222.311
308.513
274.486
258.607
258.607
213.237
244.996
231.385
210.969
258.607
249.533
183.747
265.412
272.217
231.385
217.774
235.922
288.097
269.949
267.681
288.097
195.089
195.089
217.774
220.042
195.089
281.291
279.023
319.856
215.506
265.412
222.311
208.7
174.673
217.774
210.969
197.358
242.727
233.653
210.969
176.941
174.673
222.311
220.042
335.735
258.607
263.144
231.385
281.291
229.116
260.875
242.727
222.311
186.015
256.338
238.19
263.144
279.023
254.07
235.922
290.365
235.922
226.848
192.821
226.848
290.365
251.801
294.902
233.653
292.634
195.089
186.015
231.385
265.412
213.237
224.579
299.439
195.089
206.432
226.848
233.653
244.996
263.144
222.311
215.506
215.506
269.949
306.245
224.579
260.875
195.089
208.7
272.217
233.653
233.653
240.459
272.217
260.875
256.338
249.533
224.579
235.922
322.124
281.291
263.144
294.902
192.821
195.089
181.478
231.385
229.116
201.895
215.506
249.533
274.486
242.727
229.116
210.969
197.358
204.163
197.358
204.163
204.163
283.56
235.922
272.217
265.412
254.07
242.727
265.412
238.19
235.922
256.338
190.552
267.681
254.07
249.533
247.264
229.116
260.875
263.144
242.727
256.338
195.089
319.856
213.237
269.949
204.163
215.506
204.163
188.284
201.895
206.432
190.552
242.727
222.311
231.385
251.801
242.727
235.922
249.533
254.07
256.338
220.042
247.264
256.338
272.217
269.949
231.385
251.801
242.727
235.922
217.774
210.969
215.506
267.681
267.681
265.412
283.56
206.432
213.237
204.163
206.432
342.54
251.801
260.875
269.949
251.801
249.533
260.875
281.291
229.116
240.459
247.264
260.875
272.217
215.506
288.097
290.365
235.922
322.124
217.774
201.895
208.7
186.015
210.969
231.385
258.607
247.264
240.459
247.264
240.459
285.828
242.727
215.506
199.626
226.848
222.311
224.579
206.432
260.875
222.311
247.264
231.385
224.579
240.459
186.015
247.264
272.217
274.486
265.412
240.459
242.727
338.003
244.996
256.338
272.217
217.774
265.412
220.042
288.097
276.754
222.311
220.042
242.727
281.291
183.747
206.432
217.774
215.506
260.875
256.338
249.533
213.237
220.042
181.478
199.626
333.466
235.922
326.661
240.459
251.801
235.922
229.116
276.754
306.245
172.404
256.338
263.144
208.7
213.237
324.392
242.727
281.291
279.023
288.097
217.774
210.969
294.902
274.486
208.7
181.478
181.478
217.774
260.875
299.439
326.661
317.587
356.151
281.291
381.104
222.311
290.365
267.681
254.07
269.949
204.163
265.412
242.727
197.358
201.895
251.801
244.996
254.07
256.338
201.895
249.533
251.801
226.848
351.614
197.358
190.552
206.432
197.358
344.809
338.003
260.875
267.681
281.291
265.412
340.272
340.272
290.365
244.996
229.116
340.272
244.996
263.144
265.412
251.801
247.264
240.459
242.727
258.607
233.653
192.821
201.895
308.513
274.486
290.365
276.754
249.533
188.284
299.439
306.245
294.902
265.412
365.225
297.171
192.821
204.163
251.801
322.124
274.486
281.291
251.801
290.365
292.634
283.56
235.922
224.579
183.747
269.949
208.7
188.284
197.358
292.634
224.579
322.124
315.319
247.264
269.949
272.217
249.533
238.19
235.922
238.19
235.922
201.895
170.136
240.459
213.237
233.653
269.949
256.338
319.856
254.07
240.459
242.727
235.922
206.432
215.506
331.198
267.681
197.358
267.681
283.56
210.969
204.163
256.338
220.042
206.432
263.144
272.217
242.727
263.144
256.338
358.42
335.735
258.607
217.774
265.412
201.895
256.338
251.801
258.607
251.801
224.579
265.412
306.245
279.023
310.782
301.708
283.56
251.801
197.358
303.976
210.969
183.747
258.607
256.338
254.07
276.754
281.291
195.089
242.727
247.264
249.533
183.747
265.412
260.875
260.875
269.949
265.412
249.533
244.996
233.653
272.217
249.533
244.996
251.801
247.264
247.264
244.996
235.922
235.922
229.116
290.365
195.089
204.163
183.747
186.015
244.996
288.097
247.264
235.922
229.116
256.338
247.264
285.828
279.023
272.217
220.042
235.922
288.097
244.996
210.969
195.089
254.07
233.653
235.922
238.19
224.579
233.653
235.922
240.459
238.19
269.949
229.116
331.198
238.19
283.56
258.607
217.774
285.828
267.681
297.171
251.801
176.941
186.015
199.626
217.774
328.929
247.264
238.19
306.245
254.07
288.097
235.922
233.653
206.432
192.821
206.432
240.459
242.727
242.727
244.996
238.19
204.163
204.163
186.015
303.976
204.163
317.587
226.848
292.634
301.708
238.19
263.144
276.754
288.097
276.754
224.579
294.902
281.291
254.07
265.412
224.579
274.486
217.774
231.385
213.237
310.782
292.634
244.996
283.56
263.144
220.042
265.412
247.264
204.163
224.579
192.821
249.533
190.552
186.015
233.653
258.607
251.801
294.902
326.661
308.513
269.949
290.365
197.358
269.949
197.358
256.338
353.883
281.291
272.217
251.801
233.653
238.19
249.533
231.385
201.895
222.311
254.07
213.237
199.626
208.7
254.07
256.338
217.774
294.902
186.015
235.922
222.311
215.506
258.607
201.895
229.116
222.311
229.116
249.533
231.385
251.801
222.311
247.264
222.311
220.042
251.801
233.653
242.727
208.7
179.21
165.599
306.245
240.459
220.042
290.365
233.653
238.19
215.506
294.902
204.163
279.023
215.506
276.754
206.432
186.015
215.506
274.486
231.385
220.042
274.486
233.653
238.19
222.311
224.579
206.432
208.7
229.116
251.801
231.385
269.949
249.533
244.996
238.19
215.506
256.338
201.895
238.19
313.05
247.264
222.311
229.116
338.003
347.077
281.291
201.895
269.949
242.727
324.392
347.077
326.661
313.05
256.338
331.198
306.245
281.291
360.688
238.19
190.552
213.237
263.144
272.217
292.634
231.385
328.929
249.533
247.264
254.07
242.727
424.206
238.19
217.774
242.727
231.385
272.217
292.634
192.821
242.727
233.653
240.459
235.922
210.969
204.163
206.432
217.774
222.311
240.459
235.922
231.385
231.385
235.922
249.533
254.07
242.727
244.996
217.774
231.385
224.579
208.7
244.996
201.895
265.412
224.579
199.626
231.385
206.432
251.801
258.607
224.579
238.19
220.042
231.385
274.486
188.284
188.284
197.358
299.439
283.56
276.754
208.7
231.385
242.727
249.533
220.042
186.015
188.284
210.969
256.338
210.969
258.607
226.848
197.358
254.07
195.089
188.284
190.552
274.486
224.579
208.7
208.7
217.774
251.801
335.735
249.533
347.077
235.922
306.245
242.727
244.996
195.089
217.774
242.727
197.358
188.284
206.432
210.969
199.626
210.969
235.922
229.116
238.19
260.875
276.754
254.07
260.875
260.875
206.432
190.552
190.552
244.996
208.7
204.163
240.459
235.922
240.459
254.07
222.311
247.264
229.116
213.237
233.653
213.237
224.579
272.217
188.284
301.708
192.821
195.089
229.116
224.579
215.506
260.875
292.634
231.385
229.116
256.338
220.042
272.217
292.634
299.439
222.311
294.902
258.607
292.634
290.365
272.217
213.237
206.432
208.7
226.848
213.237
226.848
233.653
249.533
292.634
226.848
213.237
231.385
235.922
247.264
210.969
210.969
210.969
279.023
229.116
244.996
215.506
217.774
238.19
251.801
226.848
251.801
222.311
226.848
224.579
342.54
226.848
267.681
197.358
247.264
260.875
204.163
251.801
265.412
276.754
229.116
215.506
249.533
240.459
254.07
208.7
197.358
190.552
204.163
279.023
249.533
231.385
229.116
247.264
231.385
235.922
217.774
229.116
224.579
197.358
254.07
217.774
201.895
183.747
290.365
242.727
204.163
224.579
188.284
233.653
244.996
249.533
310.782
220.042
206.432
269.949
303.976
258.607
247.264
224.579
260.875
242.727
224.579
251.801
201.895
213.237
201.895
208.7
303.976
233.653
238.19
210.969
229.116
229.116
217.774
206.432
260.875
192.821
188.284
215.506
258.607
210.969
267.681
222.311
240.459
222.311
292.634
267.681
308.513
294.902
258.607
263.144
274.486
263.144
195.089
204.163
258.607
333.466
260.875
242.727
267.681
188.284
213.237
201.895
222.311
217.774
231.385
217.774
183.747
208.7
222.311
199.626
192.821
222.311
301.708
217.774
195.089
222.311
258.607
201.895
181.478
192.821
254.07
229.116
210.969
233.653
183.747
220.042
256.338
244.996
195.089
195.089
224.579
272.217
290.365
281.291
263.144
272.217
201.895
303.976
283.56
301.708
235.922
226.848
192.821
251.801
242.727
226.848
210.969
217.774
220.042
220.042
213.237
220.042
238.19
240.459
231.385
226.848
233.653
238.19
265.412
240.459
297.171
247.264
240.459
254.07
322.124
213.237
213.237
204.163
190.552
294.902
231.385
226.848
197.358
235.922
229.116
285.828
224.579
226.848
247.264
235.922
208.7
208.7
256.338
267.681
210.969
208.7
294.902
188.284
206.432
238.19
188.284
224.579
220.042
269.949
249.533
199.626
249.533
240.459
233.653
183.747
204.163
195.089
254.07
224.579
201.895
220.042
199.626
215.506
208.7
195.089
258.607
226.848
263.144
238.19
195.089
210.969
263.144
233.653
235.922
235.922
220.042
220.042
210.969
251.801
244.996
206.432
199.626
210.969
235.922
220.042
206.432
244.996
197.358
195.089
213.237
229.116
215.506
222.311
220.042
229.116
222.311
210.969
188.284
301.708
235.922
288.097
224.579
201.895
190.552
238.19
208.7
186.015
210.969
242.727
238.19
217.774
197.358
265.412
265.412
272.217
247.264
310.782
217.774
258.607
222.311
272.217
285.828
335.735
258.607
360.688
376.568
365.225
353.883
276.754
306.245
301.708
267.681
308.513
256.338
210.969
210.969
190.552
215.506
260.875
224.579
244.996
199.626
242.727
265.412
233.653
285.828
229.116
220.042
283.56
208.7
215.506
222.311
222.311
238.19
222.311
240.459
195.089
222.311
263.144
220.042
240.459
231.385
235.922
206.432
201.895
204.163
197.358
213.237
217.774
240.459
204.163
265.412
215.506
204.163
267.681
213.237
315.319
238.19
220.042
213.237
224.579
208.7
206.432
192.821
192.821
238.19
229.116
217.774
224.579
224.579
231.385
235.922
204.163
217.774
222.311
242.727
201.895
213.237
206.432
238.19
208.7
224.579
224.579
231.385
233.653
235.922
260.875
222.311
238.19
226.848
279.023
176.941
197.358
306.245
290.365
294.902
195.089
195.089
288.097
303.976
231.385
247.264
224.579
197.358
192.821
249.533
224.579
258.607
294.902
299.439
183.747
199.626
206.432
220.042
206.432
242.727
197.358
235.922
208.7
197.358
215.506
176.941
208.7
197.358
183.747
222.311
199.626
206.432
224.579
210.969
231.385
222.311
217.774
226.848
208.7
208.7
201.895
204.163
206.432
217.774
197.358
186.015
213.237
206.432
192.821
258.607
213.237
208.7
244.996
220.042
217.774
226.848
231.385
224.579
220.042
235.922
192.821
208.7
206.432
201.895
201.895
186.015
188.284
213.237
217.774
186.015
197.358
215.506
167.867
229.116
201.895
254.07
235.922
215.506
260.875
269.949
260.875
188.284
240.459
199.626
240.459
224.579
213.237
197.358
199.626
220.042
215.506
210.969
197.358
201.895
210.969
190.552
213.237
192.821
294.902
213.237
247.264
231.385
204.163
256.338
233.653
213.237
256.338
299.439
274.486
269.949
301.708
328.929
344.809
324.392
229.116
215.506
254.07
224.579
249.533
213.237
258.607
197.358
215.506
201.895
217.774
213.237
231.385
220.042
222.311
260.875
249.533
256.338
254.07
249.533
292.634
244.996
274.486
356.151
192.821
263.144
222.311
235.922
265.412
206.432
258.607
258.607
215.506
258.607
374.299
204.163
269.949
251.801
222.311
226.848
238.19
256.338
378.836
317.587
226.848
217.774
238.19
265.412
292.634
229.116
281.291
258.607
258.607
240.459
265.412
224.579
258.607
210.969
224.579
229.116
313.05
254.07
299.439
231.385
244.996
176.941
226.848
233.653
192.821
242.727
222.311
276.754
208.7
217.774
285.828
260.875
292.634
265.412
285.828
242.727
240.459
224.579
210.969
195.089
204.163
215.506
217.774
197.358
235.922
217.774
333.466
317.587
235.922
299.439
204.163
249.533
238.19
224.579
217.774
179.21
235.922
238.19
294.902
297.171
258.607
220.042
210.969
206.432
199.626
190.552
199.626
210.969
220.042
206.432
206.432
215.506
226.848
263.144
240.459
215.506
244.996
226.848
235.922
249.533
181.478
294.902
299.439
265.412
199.626
349.346
372.031
396.984
188.284
231.385
224.579
340.272
338.003
195.089
204.163
231.385
285.828
249.533
244.996
201.895
176.941
235.922
213.237
220.042
199.626
279.023
197.358
279.023
215.506
265.412
244.996
249.533
242.727
226.848
226.848
197.358
204.163
215.506
224.579
213.237
215.506
285.828
238.19
217.774
249.533
272.217
199.626
186.015
231.385
453.696
290.365
299.439
292.634
254.07
206.432
263.144
269.949
285.828
235.922
220.042
240.459
244.996
249.533
260.875
206.432
294.902
190.552
260.875
290.365
254.07
267.681
251.801
263.144
213.237
224.579
215.506
222.311
272.217
220.042
199.626
206.432
215.506
206.432
226.848
181.478
197.358
224.579
317.587
240.459
226.848
235.922
249.533
222.311
213.237
217.774
353.883
238.19
267.681
206.432
235.922
251.801
301.708
240.459
199.626
190.552
226.848
258.607
201.895
208.7
265.412
220.042
222.311
206.432
276.754
208.7
240.459
215.506
272.217
256.338
206.432
192.821
283.56
272.217
256.338
242.727
213.237
249.533
251.801
188.284
201.895
197.358
204.163
254.07
226.848
222.311
235.922
258.607
229.116
208.7
199.626
204.163
240.459
254.07
215.506
238.19
181.478
199.626
324.392
324.392
222.311
220.042
215.506
210.969
238.19
213.237
204.163
210.969
235.922
288.097
281.291
267.681
208.7
217.774
265.412
199.626
206.432
224.579
229.116
201.895
222.311
244.996
317.587
281.291
292.634
272.217
272.217
260.875
247.264
235.922
240.459
186.015
222.311
263.144
224.579
217.774
240.459
233.653
233.653
226.848
233.653
220.042
233.653
215.506
213.237
199.626
224.579
244.996
197.358
258.607
199.626
294.902
231.385
199.626
263.144
213.237
254.07
231.385
208.7
199.626
195.089
204.163
197.358
213.237
247.264
208.7
279.023
294.902
272.217
285.828
263.144
231.385
238.19
251.801
324.392
263.144
229.116
251.801
240.459
249.533
269.949
238.19
217.774
281.291
188.284
344.809
358.42
244.996
199.626
285.828
281.291
288.097
267.681
260.875
224.579
204.163
213.237
226.848
226.848
326.661
272.217
190.552
281.291
215.506
199.626
213.237
256.338
208.7
186.015
181.478
256.338
254.07
244.996
272.217
254.07
231.385
176.941
201.895
213.237
226.848
231.385
240.459
244.996
281.291
247.264
267.681
238.19
274.486
235.922
224.579
222.311
192.821
213.237
210.969
242.727
288.097
258.607
276.754
224.579
301.708
226.848
190.552
231.385
272.217
285.828
210.969
217.774
201.895
267.681
240.459
251.801
201.895
199.626
254.07
224.579
201.895
201.895
204.163
242.727
279.023
260.875
201.895
224.579
242.727
251.801
188.284
292.634
215.506
226.848
195.089
297.171
208.7
256.338
269.949
233.653
260.875
242.727
260.875
265.412
226.848
208.7
279.023
213.237
197.358
315.319
272.217
217.774
263.144
281.291
249.533
233.653
220.042
217.774
215.506
263.144
254.07
238.19
260.875
226.848
235.922
220.042
269.949
183.747
269.949
199.626
276.754
242.727
297.171
256.338
242.727
224.579
210.969
197.358
224.579
242.727
217.774
260.875
183.747
220.042
217.774
179.21
217.774
222.311
217.774
240.459
256.338
242.727
242.727
249.533
210.969
279.023
263.144
190.552
208.7
210.969
260.875
186.015
199.626
206.432
283.56
233.653
251.801
235.922
240.459
288.097
233.653
249.533
244.996
199.626
213.237
217.774
226.848
251.801
292.634
244.996
254.07
267.681
272.217
224.579
233.653
258.607
199.626
274.486
229.116
226.848
222.311
244.996
240.459
217.774
217.774
210.969
197.358
186.015
208.7
201.895
249.533
220.042
272.217
294.902
283.56
306.245
281.291
210.969
220.042
269.949
217.774
197.358
163.33
208.7
210.969
222.311
265.412
317.587
274.486
244.996
258.607
240.459
292.634
269.949
308.513
265.412
256.338
242.727
249.533
226.848
269.949
263.144
247.264
279.023
210.969
238.19
204.163
242.727
244.996
208.7
186.015
213.237
210.969
204.163
235.922
197.358
244.996
254.07
222.311
256.338
229.116
213.237
229.116
217.774
217.774
235.922
195.089
276.754
190.552
183.747
186.015
242.727
197.358
181.478
195.089
215.506
274.486
222.311
242.727
238.19
242.727
226.848
220.042
285.828
220.042
229.116
197.358
199.626
220.042
222.311
229.116
226.848
229.116
195.089
199.626
249.533
242.727
265.412
281.291
192.821
222.311
204.163
222.311
281.291
249.533
195.089
233.653
247.264
192.821
201.895
210.969
240.459
235.922
220.042
247.264
213.237
269.949
242.727
251.801
224.579
233.653
208.7
333.466
276.754
204.163
226.848
199.626
254.07
242.727
251.801
197.358
222.311
269.949
235.922
272.217
308.513
369.762
251.801
213.237
238.19
201.895
197.358
208.7
267.681
183.747
279.023
254.07
199.626
231.385
201.895
263.144
226.848
208.7
233.653
238.19
256.338
244.996
240.459
242.727
201.895
242.727
210.969
244.996
204.163
235.922
238.19
215.506
224.579
254.07
224.579
258.607
251.801
197.358
272.217
206.432
251.801
258.607
358.42
292.634
242.727
299.439
260.875
251.801
258.607
210.969
192.821
276.754
249.533
188.284
201.895
183.747
176.941
224.579
217.774
220.042
288.097
265.412
274.486
247.264
244.996
242.727
238.19
215.506
254.07
260.875
244.996
220.042
179.21
195.089
222.311
215.506
229.116
267.681
238.19
190.552
206.432
274.486
183.747
217.774
213.237
274.486
265.412
258.607
226.848
256.338
217.774
167.867
213.237
247.264
240.459
206.432
192.821
183.747
226.848
206.432
195.089
195.089
265.412
244.996
283.56
206.432
238.19
247.264
192.821
197.358
183.747
240.459
220.042
244.996
242.727
235.922
215.506
260.875
242.727
235.922
285.828
224.579
297.171
299.439
247.264
186.015
242.727
176.941
206.432
208.7
201.895
208.7
208.7
217.774
244.996
213.237
199.626
331.198
265.412
233.653
242.727
197.358
297.171
272.217
204.163
290.365
206.432
217.774
210.969
251.801
292.634
186.015
233.653
249.533
204.163
186.015
331.198
204.163
208.7
215.506
235.922
269.949
269.949
240.459
258.607
283.56
201.895
199.626
263.144
269.949
244.996
229.116
242.727
233.653
229.116
195.089
274.486
267.681
283.56
229.116
183.747
197.358
192.821
235.922
201.895
199.626
190.552
165.599
195.089
190.552
265.412
201.895
208.7
258.607
222.311
274.486
201.895
204.163
217.774
220.042
204.163
369.762
220.042
265.412
199.626
204.163
190.552
190.552
220.042
244.996
306.245
204.163
231.385
231.385
233.653
206.432
292.634
206.432
297.171
213.237
210.969
199.626
181.478
265.412
226.848
229.116
226.848
263.144
360.688
201.895
224.579
206.432
208.7
279.023
226.848
285.828
217.774
317.587
256.338
263.144
269.949
220.042
183.747
285.828
283.56
224.579
233.653
190.552
217.774
220.042
229.116
224.579
210.969
279.023
190.552
254.07
274.486
215.506
226.848
254.07
201.895
188.284
179.21
176.941
229.116
267.681
242.727
249.533
229.116
190.552
240.459
220.042
222.311
226.848
238.19
204.163
210.969
197.358
190.552
238.19
319.856
238.19
208.7
204.163
258.607
276.754
186.015
301.708
229.116
240.459
208.7
204.163
172.404
247.264
186.015
206.432
215.506
274.486
265.412
265.412
235.922
251.801
235.922
190.552
186.015
254.07
240.459
265.412
204.163
244.996
290.365
222.311
290.365
220.042
290.365
238.19
213.237
272.217
279.023
213.237
242.727
210.969
274.486
206.432
276.754
210.969
222.311
208.7
206.432
229.116
208.7
210.969
244.996
210.969
215.506
215.506
199.626
222.311
265.412
256.338
235.922
258.607
254.07
217.774
220.042
238.19
210.969
213.237
244.996
226.848
258.607
192.821
210.969
210.969
201.895
285.828
186.015
242.727
195.089
206.432
206.432
244.996
244.996
247.264
181.478
279.023
215.506
190.552
229.116
292.634
294.902
226.848
290.365
208.7
190.552
251.801
197.358
267.681
170.136
283.56
186.015
265.412
238.19
260.875
256.338
276.754
238.19
288.097
244.996
235.922
204.163
235.922
231.385
231.385
242.727
328.929
204.163
199.626
269.949
272.217
285.828
279.023
226.848
276.754
233.653
378.836
215.506
263.144
267.681
274.486
213.237
197.358
208.7
244.996
269.949
215.506
206.432
204.163
204.163
201.895
233.653
204.163
238.19
186.015
195.089
208.7
208.7
256.338
213.237
238.19
217.774
224.579
222.311
199.626
210.969
254.07
220.042
249.533
204.163
267.681
263.144
229.116
210.969
199.626
213.237
285.828
217.774
201.895
269.949
249.533
265.412
306.245
231.385
238.19
256.338
238.19
201.895
210.969
226.848
213.237
204.163
263.144
258.607
195.089
217.774
213.237
265.412
206.432
206.432
208.7
195.089
229.116
215.506
231.385
204.163
292.634
260.875
206.432
233.653
226.848
217.774
235.922
310.782
206.432
206.432
235.922
199.626
240.459
254.07
265.412
220.042
238.19
240.459
195.089
247.264
186.015
215.506
247.264
269.949
297.171
176.941
215.506
303.976
235.922
215.506
240.459
208.7
213.237
256.338
224.579
201.895
213.237
229.116
254.07
238.19
176.941
206.432
220.042
269.949
324.392
249.533
249.533
204.163
179.21
213.237
235.922
242.727
247.264
204.163
208.7
222.311
220.042
269.949
199.626
201.895
201.895
265.412
208.7
231.385
222.311
206.432
192.821
192.821
206.432
210.969
213.237
199.626
240.459
217.774
229.116
210.969
181.478
210.969
238.19
283.56
226.848
279.023
333.466
199.626
247.264
247.264
272.217
213.237
224.579
249.533
217.774
201.895
224.579
201.895
310.782
249.533
260.875
235.922
190.552
254.07
242.727
249.533
226.848
224.579
290.365
213.237
204.163
197.358
217.774
213.237
208.7
201.895
229.116
238.19
288.097
254.07
269.949
195.089
199.626
195.089
308.513
274.486
195.089
224.579
229.116
240.459
242.727
217.774
206.432
215.506
210.969
238.19
251.801
197.358
217.774
276.754
251.801
283.56
263.144
197.358
204.163
197.358
240.459
195.089
251.801
210.969
195.089
192.821
265.412
197.358
204.163
231.385
283.56
181.478
217.774
217.774
222.311
222.311
210.969
217.774
215.506
217.774
210.969
213.237
220.042
204.163
174.673
170.136
208.7
199.626
222.311
247.264
181.478
206.432
195.089
217.774
213.237
208.7
251.801
310.782
335.735
344.809
328.929
244.996
319.856
319.856
224.579
340.272
186.015
215.506
188.284
247.264
208.7
204.163
213.237
260.875
204.163
201.895
204.163
190.552
179.21
195.089
229.116
242.727
220.042
215.506
222.311
206.432
224.579
201.895
240.459
263.144
242.727
251.801
188.284
263.144
206.432
251.801
297.171
263.144
249.533
290.365
192.821
249.533
285.828
188.284
274.486
195.089
210.969
263.144
281.291
244.996
242.727
267.681
265.412
186.015
254.07
265.412
242.727
260.875
240.459
265.412
226.848
247.264
267.681
240.459
197.358
247.264
199.626
188.284
197.358
206.432
215.506
224.579
263.144
254.07
206.432
215.506
233.653
195.089
208.7
240.459
217.774
176.941
335.735
283.56
254.07
222.311
258.607
283.56
256.338
201.895
208.7
215.506
210.969
263.144
267.681
222.311
226.848
186.015
297.171
258.607
224.579
272.217
254.07
181.478
233.653
217.774
233.653
195.089
210.969
378.836
215.506
183.747
210.969
195.089
181.478
179.21
195.089
213.237
226.848
224.579
217.774
206.432
220.042
192.821
192.821
217.774
247.264
249.533
208.7
283.56
279.023
251.801
215.506
188.284
267.681
258.607
210.969
251.801
229.116
301.708
226.848
226.848
217.774
190.552
192.821
254.07
226.848
224.579
192.821
242.727
263.144
249.533
251.801
251.801
269.949
251.801
231.385
233.653
229.116
226.848
213.237
217.774
213.237
249.533
272.217
265.412
190.552
206.432
179.21
204.163
229.116
195.089
195.089
186.015
220.042
242.727
226.848
251.801
242.727
260.875
244.996
199.626
190.552
195.089
204.163
238.19
213.237
213.237
201.895
206.432
206.432
220.042
224.579
249.533
215.506
220.042
242.727
292.634
276.754
215.506
283.56
183.747
204.163
204.163
197.358
201.895
192.821
231.385
208.7
290.365
188.284
195.089
199.626
208.7
208.7
256.338
251.801
190.552
251.801
224.579
233.653
258.607
260.875
301.708
213.237
269.949
267.681
249.533
192.821
181.478
254.07
231.385
199.626
274.486
299.439
267.681
254.07
167.867
199.626
210.969
244.996
210.969
251.801
256.338
319.856
260.875
231.385
217.774
267.681
186.015
249.533
208.7
197.358
206.432
215.506
306.245
249.533
222.311
224.579
267.681
294.902
244.996
240.459
263.144
204.163
199.626
222.311
197.358
254.07
238.19
213.237
208.7
222.311
215.506
206.432
274.486
242.727
204.163
217.774
220.042
238.19
199.626
263.144
210.969
195.089
208.7
210.969
265.412
267.681
208.7
265.412
233.653
288.097
201.895
229.116
222.311
204.163
229.116
258.607
213.237
201.895
272.217
258.607
199.626
190.552
208.7
247.264
231.385
220.042
210.969
210.969
210.969
213.237
197.358
254.07
242.727
251.801
258.607
220.042
210.969
215.506
210.969
208.7
195.089
231.385
197.358
308.513
231.385
269.949
285.828
279.023
188.284
303.976
292.634
267.681
272.217
249.533
265.412
290.365
281.291
235.922
238.19
226.848
226.848
265.412
220.042
217.774
179.21
210.969
201.895
215.506
235.922
226.848
215.506
176.941
195.089
197.358
213.237
210.969
247.264
260.875
256.338
233.653
197.358
226.848
199.626
213.237
215.506
265.412
204.163
201.895
192.821
215.506
220.042
274.486
238.19
242.727
235.922
204.163
197.358
229.116
224.579
181.478
220.042
