5335
6.80544
437.816
390.178
362.957
4.53696
372.031
505.871
340.272
4.53696
399.252
369.762
360.688
4.53696
374.299
335.735
376.568
4.53696
399.252
435.548
437.816
4.53696
410.595
487.723
428.742
4.53696
524.019
383.373
390.178
4.53696
369.762
526.287
517.213
4.53696
539.898
338.003
476.381
4.53696
326.661
469.575
451.427
4.53696
465.038
485.454
489.991
4.53696
594.341
387.91
387.91
4.53696
460.501
431.011
403.789
4.53696
474.112
381.104
444.622
4.53696
385.641
505.871
383.373
6.80544
455.964
546.703
494.528
4.53696
476.381
501.334
451.427
4.53696
508.139
467.307
485.454
4.53696
444.622
440.085
358.42
4.53696
333.466
369.762
362.957
4.53696
387.91
374.299
360.688
4.53696
353.883
505.871
435.548
4.53696
440.085
469.575
442.353
4.53696
392.447
344.809
449.159
4.53696
372.031
367.494
358.42
4.53696
365.225
451.427
487.723
4.53696
428.742
403.789
417.4
4.53696
419.669
394.715
353.883
4.53696
390.178
442.353
362.957
4.53696
390.178
356.151
406.058
4.53696
417.4
383.373
410.595
4.53696
449.159
501.334
360.688
4.53696
353.883
465.038
338.003
4.53696
403.789
374.299
387.91
4.53696
428.742
347.077
514.945
4.53696
589.805
546.703
344.809
4.53696
401.521
333.466
344.809
4.53696
358.42
340.272
471.844
4.53696
449.159
444.622
433.279
4.53696
381.104
417.4
376.568
4.53696
392.447
394.715
433.279
4.53696
431.011
378.836
446.89
4.53696
453.696
417.4
385.641
4.53696
367.494
435.548
365.225
4.53696
365.225
455.964
351.614
4.53696
374.299
347.077
476.381
4.53696
387.91
342.54
396.984
4.53696
408.326
417.4
385.641
4.53696
401.521
449.159
415.132
4.53696
406.058
385.641
387.91
4.53696
424.206
374.299
444.622
4.53696
347.077
399.252
374.299
4.53696
353.883
385.641
351.614
4.53696
410.595
347.077
449.159
4.53696
319.856
499.065
362.957
4.53696
367.494
365.225
503.602
4.53696
467.307
369.762
403.789
4.53696
401.521
344.809
372.031
4.53696
372.031
426.474
351.614
4.53696
358.42
358.42
417.4
4.53696
356.151
383.373
412.863
4.53696
492.26
544.435
392.447
4.53696
417.4
419.669
347.077
4.53696
372.031
421.937
378.836
6.80544
383.373
385.641
392.447
4.53696
367.494
442.353
460.501
4.53696
401.521
460.501
412.863
4.53696
424.206
469.575
324.392
6.80544
344.809
449.159
417.4
4.53696
372.031
353.883
390.178
4.53696
392.447
353.883
383.373
4.53696
478.649
453.696
410.595
4.53696
390.178
514.945
340.272
4.53696
390.178
458.233
406.058
4.53696
478.649
344.809
353.883
4.53696
442.353
387.91
378.836
4.53696
562.583
358.42
351.614
4.53696
460.501
372.031
349.346
4.53696
567.12
358.42
351.614
4.53696
340.272
396.984
474.112
4.53696
433.279
331.198
496.797
4.53696
417.4
412.863
356.151
4.53696
401.521
485.454
453.696
4.53696
433.279
417.4
435.548
4.53696
483.186
492.26
417.4
4.53696
471.844
358.42
501.334
4.53696
444.622
510.408
399.252
4.53696
489.991
478.649
396.984
4.53696
326.661
342.54
353.883
4.53696
485.454
408.326
471.844
4.53696
385.641
360.688
342.54
4.53696
564.851
533.093
503.602
4.53696
340.272
333.466
417.4
4.53696
514.945
537.629
378.836
4.53696
442.353
392.447
376.568
4.53696
365.225
356.151
487.723
4.53696
367.494
392.447
358.42
4.53696
362.957
446.89
446.89
4.53696
410.595
358.42
483.186
4.53696
455.964
476.381
435.548
4.53696
465.038
385.641
385.641
4.53696
417.4
492.26
514.945
4.53696
358.42
480.918
396.984
4.53696
499.065
383.373
351.614
4.53696
458.233
410.595
360.688
4.53696
351.614
424.206
351.614
4.53696
358.42
365.225
408.326
4.53696
399.252
362.957
455.964
4.53696
483.186
353.883
335.735
4.53696
396.984
399.252
410.595
4.53696
421.937
367.494
428.742
4.53696
478.649
489.991
433.279
4.53696
530.824
471.844
442.353
4.53696
453.696
469.575
358.42
4.53696
360.688
353.883
381.104
4.53696
435.548
353.883
328.929
4.53696
381.104
322.124
378.836
4.53696
524.019
519.482
424.206
4.53696
347.077
385.641
396.984
4.53696
365.225
485.454
480.918
4.53696
512.676
451.427
483.186
4.53696
399.252
372.031
442.353
4.53696
542.167
542.167
399.252
4.53696
367.494
390.178
333.466
4.53696
333.466
358.42
369.762
4.53696
372.031
376.568
381.104
4.53696
399.252
340.272
378.836
4.53696
376.568
344.809
365.225
4.53696
358.42
365.225
319.856
4.53696
378.836
378.836
390.178
4.53696
462.77
406.058
358.42
4.53696
356.151
471.844
344.809
4.53696
369.762
442.353
415.132
4.53696
435.548
356.151
408.326
4.53696
406.058
412.863
403.789
4.53696
435.548
437.816
399.252
4.53696
410.595
394.715
351.614
4.53696
374.299
392.447
385.641
4.53696
374.299
362.957
374.299
4.53696
365.225
356.151
344.809
4.53696
421.937
392.447
396.984
4.53696
362.957
365.225
360.688
4.53696
374.299
365.225
381.104
4.53696
362.957
408.326
465.038
4.53696
401.521
433.279
374.299
4.53696
385.641
419.669
365.225
4.53696
399.252
383.373
360.688
4.53696
396.984
374.299
403.789
4.53696
415.132
360.688
362.957
4.53696
460.501
492.26
374.299
4.53696
412.863
417.4
471.844
4.53696
369.762
342.54
349.346
4.53696
367.494
376.568
424.206
4.53696
349.346
415.132
462.77
4.53696
365.225
394.715
356.151
4.53696
340.272
331.198
340.272
4.53696
333.466
356.151
390.178
4.53696
353.883
374.299
381.104
4.53696
333.466
349.346
372.031
4.53696
401.521
412.863
383.373
4.53696
487.723
431.011
362.957
4.53696
403.789
310.782
467.307
4.53696
412.863
349.346
338.003
4.53696
401.521
381.104
383.373
4.53696
340.272
406.058
424.206
4.53696
392.447
485.454
446.89
4.53696
322.124
328.929
372.031
4.53696
335.735
349.346
360.688
4.53696
369.762
356.151
412.863
4.53696
340.272
347.077
349.346
4.53696
453.696
369.762
480.918
4.53696
415.132
353.883
344.809
4.53696
399.252
412.863
449.159
4.53696
372.031
351.614
455.964
4.53696
372.031
342.54
324.392
4.53696
387.91
383.373
367.494
4.53696
424.206
349.346
335.735
4.53696
419.669
310.782
360.688
4.53696
356.151
342.54
340.272
4.53696
362.957
383.373
417.4
4.53696
369.762
387.91
453.696
4.53696
392.447
340.272
387.91
6.80544
489.991
455.964
494.528
4.53696
471.844
469.575
455.964
6.80544
453.696
374.299
446.89
4.53696
387.91
385.641
347.077
4.53696
356.151
367.494
349.346
6.80544
406.058
446.89
417.4
4.53696
385.641
455.964
483.186
4.53696
326.661
308.513
494.528
4.53696
487.723
331.198
514.945
4.53696
514.945
501.334
480.918
4.53696
381.104
474.112
358.42
4.53696
356.151
335.735
347.077
4.53696
338.003
406.058
462.77
4.53696
501.334
501.334
426.474
4.53696
358.42
480.918
333.466
4.53696
358.42
356.151
403.789
4.53696
351.614
365.225
326.661
4.53696
315.319
358.42
353.883
4.53696
410.595
403.789
424.206
4.53696
401.521
367.494
369.762
4.53696
362.957
356.151
362.957
4.53696
415.132
424.206
462.77
4.53696
489.991
517.213
335.735
4.53696
342.54
340.272
453.696
4.53696
356.151
342.54
431.011
4.53696
487.723
489.991
494.528
4.53696
505.871
476.381
428.742
4.53696
367.494
335.735
383.373
4.53696
369.762
446.89
403.789
4.53696
403.789
365.225
360.688
4.53696
505.871
360.688
437.816
4.53696
451.427
435.548
426.474
4.53696
374.299
480.918
417.4
4.53696
419.669
367.494
365.225
4.53696
369.762
451.427
374.299
4.53696
390.178
517.213
369.762
4.53696
415.132
406.058
362.957
4.53696
333.466
385.641
340.272
4.53696
353.883
324.392
480.918
4.53696
356.151
390.178
335.735
4.53696
340.272
317.587
440.085
4.53696
381.104
349.346
358.42
4.53696
399.252
424.206
471.844
4.53696
460.501
344.809
496.797
4.53696
530.824
360.688
512.676
4.53696
465.038
494.528
351.614
4.53696
431.011
501.334
512.676
4.53696
555.777
396.984
365.225
4.53696
378.836
369.762
394.715
4.53696
385.641
360.688
369.762
4.53696
412.863
415.132
333.466
4.53696
376.568
512.676
435.548
4.53696
558.046
351.614
421.937
4.53696
333.466
453.696
372.031
4.53696
385.641
392.447
401.521
4.53696
417.4
392.447
419.669
4.53696
326.661
381.104
353.883
4.53696
485.454
499.065
442.353
4.53696
376.568
417.4
367.494
4.53696
433.279
433.279
485.454
4.53696
460.501
394.715
519.482
4.53696
360.688
353.883
512.676
4.53696
458.233
465.038
424.206
4.53696
412.863
374.299
469.575
4.53696
324.392
365.225
399.252
4.53696
338.003
338.003
340.272
4.53696
338.003
419.669
476.381
4.53696
390.178
353.883
460.501
4.53696
372.031
469.575
469.575
4.53696
356.151
483.186
480.918
4.53696
365.225
476.381
415.132
4.53696
372.031
408.326
349.346
4.53696
437.816
362.957
351.614
4.53696
376.568
444.622
480.918
4.53696
406.058
358.42
349.346
4.53696
385.641
347.077
437.816
4.53696
360.688
374.299
390.178
4.53696
353.883
324.392
349.346
4.53696
424.206
387.91
460.501
4.53696
417.4
344.809
408.326
4.53696
378.836
342.54
478.649
4.53696
383.373
385.641
328.929
4.53696
349.346
485.454
322.124
4.53696
408.326
376.568
344.809
4.53696
474.112
455.964
374.299
4.53696
494.528
333.466
353.883
4.53696
376.568
362.957
344.809
4.53696
385.641
415.132
365.225
4.53696
365.225
383.373
437.816
4.53696
376.568
387.91
480.918
4.53696
462.77
478.649
362.957
4.53696
358.42
351.614
342.54
4.53696
360.688
460.501
381.104
4.53696
435.548
442.353
483.186
4.53696
401.521
401.521
435.548
4.53696
387.91
462.77
433.279
4.53696
369.762
408.326
338.003
4.53696
356.151
387.91
408.326
4.53696
440.085
381.104
483.186
4.53696
410.595
480.918
446.89
4.53696
403.789
455.964
435.548
4.53696
478.649
351.614
351.614
4.53696
399.252
406.058
403.789
4.53696
392.447
437.816
440.085
4.53696
360.688
514.945
451.427
4.53696
496.797
455.964
442.353
4.53696
501.334
376.568
353.883
4.53696
503.602
428.742
451.427
4.53696
415.132
476.381
453.696
4.53696
338.003
426.474
344.809
4.53696
376.568
340.272
415.132
4.53696
367.494
485.454
455.964
4.53696
431.011
353.883
358.42
4.53696
367.494
344.809
419.669
4.53696
322.124
426.474
328.929
4.53696
369.762
480.918
431.011
4.53696
440.085
480.918
467.307
4.53696
442.353
374.299
455.964
4.53696
387.91
428.742
489.991
4.53696
521.75
467.307
353.883
4.53696
426.474
478.649
406.058
4.53696
415.132
372.031
401.521
4.53696
455.964
433.279
347.077
4.53696
474.112
496.797
349.346
4.53696
338.003
374.299
394.715
4.53696
412.863
360.688
492.26
4.53696
385.641
514.945
455.964
4.53696
356.151
444.622
381.104
6.80544
396.984
344.809
358.42
4.53696
401.521
428.742
508.139
4.53696
328.929
356.151
421.937
4.53696
505.871
369.762
349.346
4.53696
433.279
374.299
365.225
4.53696
476.381
362.957
360.688
4.53696
353.883
344.809
485.454
4.53696
401.521
390.178
517.213
4.53696
442.353
399.252
372.031
4.53696
378.836
374.299
353.883
4.53696
403.789
381.104
419.669
4.53696
374.299
376.568
349.346
4.53696
383.373
396.984
367.494
4.53696
387.91
372.031
424.206
4.53696
367.494
367.494
433.279
4.53696
360.688
453.696
372.031
4.53696
462.77
512.676
467.307
4.53696
485.454
381.104
517.213
4.53696
349.346
353.883
537.629
4.53696
394.715
356.151
340.272
4.53696
485.454
351.614
487.723
4.53696
401.521
431.011
424.206
4.53696
487.723
474.112
374.299
4.53696
494.528
360.688
478.649
4.53696
501.334
514.945
480.918
4.53696
378.836
501.334
503.602
4.53696
514.945
417.4
401.521
4.53696
505.871
485.454
349.346
4.53696
358.42
369.762
403.789
4.53696
410.595
499.065
403.789
4.53696
487.723
453.696
340.272
4.53696
390.178
374.299
521.75
4.53696
555.777
519.482
462.77
4.53696
433.279
417.4
360.688
4.53696
505.871
435.548
426.474
4.53696
474.112
403.789
396.984
4.53696
442.353
435.548
401.521
4.53696
356.151
338.003
324.392
4.53696
426.474
381.104
383.373
4.53696
494.528
476.381
410.595
4.53696
347.077
465.038
390.178
4.53696
326.661
446.89
362.957
4.53696
365.225
451.427
378.836
4.53696
480.918
442.353
465.038
4.53696
410.595
458.233
347.077
4.53696
431.011
489.991
431.011
4.53696
374.299
408.326
444.622
4.53696
455.964
462.77
369.762
4.53696
449.159
424.206
471.844
4.53696
558.046
387.91
417.4
4.53696
474.112
469.575
455.964
4.53696
417.4
335.735
458.233
4.53696
342.54
510.408
458.233
4.53696
492.26
383.373
335.735
4.53696
367.494
390.178
494.528
4.53696
353.883
356.151
356.151
4.53696
369.762
410.595
431.011
4.53696
492.26
408.326
401.521
4.53696
471.844
428.742
467.307
4.53696
399.252
367.494
467.307
4.53696
514.945
344.809
349.346
4.53696
353.883
319.856
387.91
4.53696
369.762
362.957
342.54
6.80544
426.474
496.797
385.641
4.53696
503.602
342.54
480.918
4.53696
372.031
503.602
428.742
4.53696
362.957
381.104
335.735
4.53696
524.019
387.91
406.058
4.53696
356.151
358.42
465.038
4.53696
533.093
356.151
362.957
4.53696
462.77
467.307
467.307
4.53696
396.984
480.918
351.614
4.53696
378.836
360.688
458.233
4.53696
367.494
496.797
508.139
4.53696
421.937
362.957
453.696
4.53696
478.649
347.077
390.178
4.53696
344.809
347.077
342.54
4.53696
362.957
392.447
356.151
4.53696
478.649
474.112
433.279
4.53696
415.132
344.809
467.307
4.53696
421.937
362.957
551.24
4.53696
340.272
446.89
501.334
4.53696
396.984
428.742
376.568
4.53696
374.299
358.42
460.501
4.53696
415.132
340.272
419.669
4.53696
435.548
335.735
347.077
4.53696
424.206
338.003
449.159
4.53696
403.789
392.447
360.688
4.53696
376.568
372.031
514.945
4.53696
378.836
356.151
465.038
4.53696
365.225
376.568
419.669
4.53696
358.42
353.883
367.494
4.53696
344.809
326.661
340.272
4.53696
512.676
474.112
353.883
4.53696
392.447
444.622
417.4
4.53696
410.595
331.198
344.809
4.53696
403.789
485.454
353.883
4.53696
372.031
392.447
387.91
4.53696
424.206
378.836
390.178
4.53696
544.435
512.676
496.797
4.53696
533.093
465.038
358.42
4.53696
356.151
455.964
410.595
4.53696
381.104
489.991
401.521
4.53696
358.42
376.568
444.622
4.53696
362.957
437.816
399.252
4.53696
374.299
356.151
340.272
4.53696
385.641
476.381
503.602
4.53696
526.287
424.206
478.649
4.53696
415.132
351.614
372.031
4.53696
508.139
328.929
478.649
4.53696
499.065
519.482
514.945
4.53696
374.299
415.132
367.494
4.53696
476.381
342.54
465.038
4.53696
410.595
403.789
392.447
4.53696
419.669
462.77
369.762
4.53696
374.299
328.929
356.151
4.53696
328.929
387.91
415.132
4.53696
396.984
383.373
367.494
4.53696
381.104
462.77
462.77
4.53696
410.595
494.528
412.863
4.53696
415.132
385.641
449.159
4.53696
340.272
440.085
496.797
4.53696
338.003
358.42
392.447
4.53696
342.54
356.151
360.688
4.53696
392.447
333.466
365.225
6.80544
489.991
365.225
381.104
4.53696
374.299
458.233
424.206
4.53696
431.011
424.206
508.139
4.53696
455.964
390.178
403.789
4.53696
360.688
365.225
435.548
4.53696
417.4
476.381
499.065
4.53696
433.279
485.454
442.353
4.53696
474.112
367.494
467.307
4.53696
440.085
480.918
417.4
4.53696
478.649
494.528
372.031
4.53696
367.494
367.494
351.614
4.53696
437.816
358.42
381.104
4.53696
449.159
410.595
356.151
4.53696
396.984
347.077
333.466
4.53696
335.735
351.614
353.883
4.53696
358.42
372.031
394.715
4.53696
319.856
492.26
399.252
4.53696
419.669
421.937
487.723
4.53696
406.058
383.373
476.381
4.53696
469.575
385.641
449.159
4.53696
351.614
338.003
349.346
4.53696
367.494
369.762
478.649
4.53696
415.132
455.964
390.178
4.53696
442.353
521.75
367.494
4.53696
530.824
344.809
378.836
4.53696
392.447
383.373
365.225
4.53696
333.466
340.272
347.077
4.53696
319.856
408.326
347.077
4.53696
483.186
435.548
480.918
4.53696
476.381
408.326
489.991
4.53696
378.836
417.4
517.213
4.53696
401.521
333.466
424.206
4.53696
483.186
369.762
376.568
4.53696
374.299
401.521
392.447
4.53696
383.373
378.836
335.735
4.53696
406.058
360.688
319.856
4.53696
369.762
378.836
442.353
4.53696
399.252
417.4
417.4
4.53696
474.112
365.225
492.26
4.53696
333.466
365.225
344.809
4.53696
485.454
455.964
347.077
6.80544
494.528
437.816
419.669
4.53696
399.252
394.715
428.742
4.53696
410.595
458.233
367.494
4.53696
381.104
358.42
353.883
4.53696
340.272
451.427
467.307
4.53696
567.12
340.272
387.91
4.53696
417.4
449.159
483.186
4.53696
440.085
356.151
401.521
4.53696
340.272
455.964
462.77
4.53696
433.279
492.26
424.206
4.53696
390.178
390.178
365.225
4.53696
442.353
505.871
349.346
4.53696
374.299
374.299
408.326
4.53696
401.521
378.836
344.809
4.53696
367.494
360.688
374.299
4.53696
410.595
487.723
453.696
4.53696
381.104
406.058
369.762
4.53696
406.058
437.816
356.151
4.53696
412.863
514.945
331.198
4.53696
444.622
396.984
399.252
4.53696
383.373
510.408
349.346
4.53696
358.42
369.762
392.447
4.53696
349.346
390.178
358.42
4.53696
401.521
421.937
451.427
4.53696
508.139
356.151
478.649
4.53696
424.206
392.447
387.91
4.53696
326.661
365.225
489.991
4.53696
396.984
358.42
399.252
4.53696
387.91
419.669
410.595
4.53696
449.159
419.669
410.595
4.53696
372.031
365.225
412.863
4.53696
372.031
408.326
394.715
4.53696
419.669
510.408
344.809
4.53696
453.696
372.031
408.326
4.53696
406.058
331.198
369.762
4.53696
424.206
410.595
503.602
4.53696
508.139
489.991
349.346
4.53696
387.91
505.871
433.279
4.53696
442.353
365.225
367.494
4.53696
392.447
369.762
442.353
4.53696
362.957
437.816
458.233
4.53696
437.816
435.548
426.474
4.53696
372.031
392.447
335.735
4.53696
372.031
383.373
331.198
4.53696
503.602
396.984
394.715
4.53696
412.863
410.595
428.742
4.53696
410.595
401.521
408.326
4.53696
372.031
435.548
458.233
4.53696
372.031
360.688
462.77
4.53696
451.427
347.077
353.883
4.53696
374.299
444.622
324.392
4.53696
410.595
408.326
376.568
4.53696
396.984
383.373
485.454
4.53696
455.964
499.065
365.225
4.53696
360.688
342.54
331.198
4.53696
365.225
446.89
390.178
4.53696
401.521
403.789
471.844
4.53696
403.789
335.735
317.587
4.53696
342.54
401.521
385.641
4.53696
412.863
324.392
453.696
4.53696
492.26
367.494
349.346
4.53696
349.346
367.494
319.856
4.53696
324.392
367.494
342.54
4.53696
487.723
401.521
367.494
4.53696
326.661
340.272
505.871
4.53696
338.003
385.641
503.602
4.53696
356.151
410.595
415.132
4.53696
342.54
324.392
351.614
4.53696
410.595
451.427
365.225
4.53696
433.279
358.42
358.42
4.53696
353.883
401.521
381.104
4.53696
378.836
383.373
381.104
4.53696
578.462
412.863
483.186
4.53696
376.568
474.112
378.836
4.53696
387.91
351.614
410.595
4.53696
396.984
338.003
358.42
4.53696
360.688
417.4
410.595
4.53696
376.568
396.984
396.984
4.53696
362.957
362.957
353.883
4.53696
376.568
392.447
351.614
4.53696
392.447
401.521
460.501
4.53696
326.661
376.568
387.91
4.53696
403.789
385.641
340.272
4.53696
360.688
360.688
376.568
4.53696
374.299
362.957
349.346
4.53696
356.151
385.641
365.225
6.80544
410.595
403.789
347.077
4.53696
356.151
372.031
349.346
4.53696
372.031
358.42
392.447
4.53696
369.762
356.151
347.077
4.53696
381.104
476.381
374.299
4.53696
372.031
369.762
338.003
4.53696
367.494
401.521
347.077
4.53696
349.346
390.178
421.937
4.53696
431.011
435.548
338.003
4.53696
428.742
451.427
469.575
4.53696
396.984
460.501
431.011
4.53696
431.011
396.984
399.252
4.53696
392.447
426.474
342.54
4.53696
428.742
378.836
517.213
4.53696
478.649
449.159
489.991
4.53696
408.326
455.964
465.038
4.53696
358.42
365.225
474.112
4.53696
322.124
465.038
485.454
4.53696
356.151
421.937
351.614
4.53696
315.319
333.466
351.614
4.53696
381.104
367.494
358.42
4.53696
548.972
415.132
451.427
4.53696
442.353
387.91
503.602
4.53696
428.742
487.723
431.011
4.53696
535.361
455.964
406.058
4.53696
453.696
374.299
442.353
4.53696
362.957
360.688
508.139
4.53696
471.844
374.299
344.809
4.53696
528.556
415.132
381.104
4.53696
387.91
396.984
399.252
4.53696
374.299
408.326
403.789
4.53696
344.809
331.198
347.077
4.53696
510.408
440.085
469.575
4.53696
390.178
453.696
419.669
4.53696
367.494
328.929
548.972
4.53696
376.568
369.762
347.077
4.53696
365.225
383.373
412.863
4.53696
399.252
358.42
347.077
4.53696
483.186
553.509
467.307
4.53696
381.104
378.836
387.91
4.53696
505.871
406.058
458.233
4.53696
462.77
351.614
453.696
4.53696
396.984
460.501
480.918
4.53696
530.824
431.011
480.918
4.53696
487.723
496.797
510.408
4.53696
519.482
501.334
517.213
4.53696
535.361
499.065
469.575
4.53696
469.575
610.221
460.501
6.80544
567.12
592.073
460.501
4.53696
564.851
664.664
535.361
4.53696
444.622
607.952
469.575
4.53696
406.058
415.132
610.221
4.53696
408.326
533.093
376.568
4.53696
351.614
569.388
387.91
4.53696
449.159
517.213
496.797
4.53696
324.392
469.575
403.789
4.53696
485.454
390.178
383.373
4.53696
444.622
417.4
546.703
4.53696
562.583
537.629
535.361
4.53696
442.353
526.287
489.991
4.53696
517.213
394.715
419.669
4.53696
440.085
440.085
489.991
4.53696
553.509
424.206
492.26
4.53696
492.26
539.898
555.777
4.53696
401.521
374.299
474.112
4.53696
553.509
605.684
347.077
4.53696
369.762
496.797
453.696
4.53696
474.112
476.381
433.279
4.53696
519.482
537.629
551.24
4.53696
564.851
510.408
480.918
4.53696
392.447
392.447
537.629
4.53696
471.844
492.26
596.61
4.53696
349.346
372.031
485.454
4.53696
412.863
440.085
467.307
4.53696
462.77
471.844
483.186
4.53696
451.427
512.676
378.836
4.53696
351.614
374.299
431.011
4.53696
417.4
519.482
362.957
4.53696
410.595
421.937
392.447
4.53696
340.272
612.489
524.019
4.53696
480.918
467.307
539.898
4.53696
324.392
342.54
353.883
4.53696
376.568
333.466
394.715
4.53696
433.279
415.132
376.568
4.53696
326.661
369.762
376.568
4.53696
403.789
399.252
428.742
4.53696
431.011
403.789
408.326
4.53696
446.89
387.91
376.568
4.53696
347.077
385.641
453.696
4.53696
496.797
494.528
560.314
4.53696
469.575
372.031
467.307
4.53696
390.178
365.225
483.186
4.53696
408.326
421.937
424.206
4.53696
442.353
440.085
428.742
4.53696
446.89
410.595
399.252
4.53696
446.89
458.233
403.789
4.53696
428.742
437.816
406.058
4.53696
381.104
342.54
446.89
4.53696
335.735
358.42
358.42
4.53696
338.003
367.494
360.688
4.53696
358.42
372.031
378.836
4.53696
349.346
410.595
408.326
4.53696
471.844
564.851
451.427
4.53696
535.361
360.688
399.252
4.53696
365.225
342.54
356.151
4.53696
415.132
521.75
612.489
6.80544
571.657
458.233
580.731
4.53696
455.964
362.957
383.373
4.53696
392.447
476.381
424.206
4.53696
433.279
401.521
372.031
4.53696
440.085
451.427
374.299
4.53696
415.132
349.346
381.104
4.53696
342.54
333.466
367.494
4.53696
426.474
394.715
440.085
4.53696
471.844
390.178
440.085
4.53696
324.392
378.836
526.287
4.53696
446.89
431.011
396.984
4.53696
444.622
442.353
476.381
4.53696
374.299
331.198
351.614
4.53696
381.104
381.104
376.568
4.53696
455.964
365.225
437.816
4.53696
383.373
362.957
537.629
4.53696
474.112
451.427
489.991
4.53696
499.065
333.466
387.91
4.53696
378.836
387.91
353.883
4.53696
338.003
328.929
360.688
4.53696
358.42
424.206
362.957
4.53696
369.762
444.622
451.427
4.53696
412.863
403.789
437.816
4.53696
401.521
483.186
431.011
4.53696
431.011
426.474
421.937
4.53696
385.641
412.863
412.863
4.53696
328.929
485.454
351.614
4.53696
410.595
533.093
426.474
4.53696
474.112
394.715
537.629
6.80544
548.972
621.563
551.24
4.53696
503.602
592.073
596.61
4.53696
514.945
560.314
548.972
4.53696
308.513
313.05
340.272
4.53696
340.272
499.065
458.233
4.53696
462.77
421.937
421.937
4.53696
421.937
437.816
451.427
4.53696
362.957
324.392
403.789
4.53696
383.373
328.929
415.132
4.53696
378.836
428.742
505.871
4.53696
378.836
394.715
446.89
4.53696
387.91
421.937
342.54
4.53696
378.836
514.945
383.373
4.53696
387.91
455.964
465.038
4.53696
499.065
365.225
365.225
4.53696
555.777
433.279
530.824
4.53696
390.178
406.058
514.945
4.53696
469.575
460.501
347.077
4.53696
356.151
465.038
381.104
4.53696
399.252
410.595
451.427
4.53696
399.252
433.279
548.972
4.53696
410.595
514.945
351.614
4.53696
385.641
396.984
428.742
4.53696
392.447
444.622
426.474
4.53696
408.326
444.622
426.474
4.53696
449.159
385.641
412.863
4.53696
406.058
460.501
401.521
4.53696
383.373
560.314
483.186
4.53696
419.669
406.058
396.984
4.53696
372.031
362.957
403.789
4.53696
396.984
453.696
412.863
4.53696
451.427
446.89
465.038
4.53696
399.252
392.447
360.688
4.53696
403.789
394.715
328.929
4.53696
376.568
417.4
505.871
4.53696
333.466
372.031
335.735
4.53696
322.124
353.883
333.466
4.53696
437.816
394.715
421.937
4.53696
510.408
408.326
431.011
4.53696
408.326
433.279
347.077
4.53696
387.91
396.984
335.735
4.53696
369.762
340.272
360.688
4.53696
582.999
431.011
428.742
4.53696
410.595
442.353
349.346
4.53696
360.688
372.031
548.972
4.53696
492.26
465.038
453.696
4.53696
512.676
433.279
444.622
4.53696
376.568
317.587
367.494
4.53696
417.4
424.206
460.501
4.53696
410.595
396.984
449.159
4.53696
376.568
340.272
467.307
4.53696
394.715
431.011
431.011
4.53696
419.669
319.856
340.272
4.53696
426.474
526.287
378.836
4.53696
317.587
396.984
435.548
4.53696
390.178
428.742
347.077
4.53696
358.42
331.198
383.373
4.53696
426.474
560.314
446.89
4.53696
505.871
524.019
471.844
4.53696
431.011
408.326
403.789
4.53696
353.883
347.077
387.91
4.53696
571.657
385.641
442.353
4.53696
399.252
403.789
408.326
4.53696
471.844
426.474
444.622
4.53696
315.319
458.233
426.474
4.53696
412.863
419.669
347.077
4.53696
419.669
338.003
446.89
4.53696
442.353
451.427
319.856
4.53696
399.252
458.233
449.159
4.53696
313.05
435.548
360.688
4.53696
401.521
458.233
446.89
4.53696
442.353
362.957
353.883
4.53696
376.568
390.178
347.077
4.53696
340.272
342.54
437.816
4.53696
462.77
519.482
428.742
4.53696
489.991
435.548
514.945
4.53696
478.649
446.89
444.622
4.53696
435.548
310.782
442.353
4.53696
442.353
428.742
374.299
4.53696
410.595
455.964
440.085
4.53696
451.427
460.501
353.883
4.53696
365.225
431.011
435.548
4.53696
394.715
406.058
528.556
4.53696
519.482
421.937
537.629
4.53696
415.132
360.688
319.856
4.53696
390.178
369.762
353.883
4.53696
412.863
396.984
360.688
4.53696
353.883
387.91
406.058
4.53696
435.548
589.805
458.233
4.53696
446.89
394.715
503.602
4.53696
424.206
426.474
460.501
4.53696
401.521
365.225
492.26
4.53696
392.447
446.89
421.937
4.53696
433.279
433.279
474.112
4.53696
394.715
410.595
338.003
4.53696
460.501
558.046
465.038
4.53696
476.381
442.353
514.945
4.53696
308.513
349.346
487.723
4.53696
421.937
353.883
394.715
4.53696
553.509
365.225
347.077
4.53696
381.104
387.91
408.326
4.53696
421.937
415.132
412.863
4.53696
428.742
501.334
489.991
4.53696
440.085
451.427
340.272
4.53696
353.883
435.548
385.641
4.53696
410.595
406.058
446.89
4.53696
412.863
424.206
433.279
4.53696
442.353
403.789
526.287
4.53696
419.669
399.252
508.139
4.53696
376.568
328.929
344.809
4.53696
396.984
390.178
356.151
4.53696
378.836
406.058
428.742
4.53696
401.521
376.568
344.809
4.53696
358.42
367.494
362.957
4.53696
349.346
347.077
514.945
4.53696
401.521
449.159
440.085
4.53696
392.447
392.447
431.011
4.53696
390.178
440.085
476.381
4.53696
351.614
426.474
410.595
4.53696
390.178
401.521
421.937
4.53696
410.595
512.676
401.521
4.53696
451.427
360.688
546.703
4.53696
374.299
401.521
365.225
4.53696
406.058
401.521
333.466
4.53696
383.373
365.225
340.272
4.53696
417.4
401.521
396.984
4.53696
403.789
396.984
440.085
4.53696
415.132
417.4
428.742
4.53696
406.058
394.715
451.427
4.53696
435.548
403.789
412.863
4.53696
433.279
406.058
403.789
4.53696
426.474
419.669
349.346
4.53696
433.279
474.112
449.159
4.53696
453.696
338.003
358.42
4.53696
403.789
367.494
537.629
4.53696
437.816
480.918
483.186
4.53696
428.742
419.669
426.474
4.53696
528.556
453.696
440.085
4.53696
401.521
437.816
487.723
4.53696
469.575
530.824
508.139
4.53696
471.844
576.194
401.521
4.53696
369.762
335.735
351.614
4.53696
415.132
415.132
455.964
4.53696
408.326
406.058
455.964
4.53696
437.816
524.019
453.696
4.53696
360.688
328.929
372.031
4.53696
376.568
365.225
376.568
4.53696
437.816
369.762
410.595
4.53696
390.178
381.104
383.373
4.53696
322.124
428.742
455.964
4.53696
474.112
471.844
428.742
4.53696
387.91
614.758
440.085
4.53696
444.622
496.797
412.863
4.53696
476.381
424.206
512.676
4.53696
514.945
440.085
455.964
4.53696
478.649
551.24
328.929
4.53696
367.494
365.225
362.957
4.53696
449.159
433.279
469.575
4.53696
421.937
387.91
347.077
4.53696
349.346
576.194
421.937
6.80544
555.777
385.641
471.844
4.53696
503.602
421.937
510.408
4.53696
524.019
367.494
467.307
4.53696
469.575
360.688
501.334
4.53696
526.287
440.085
503.602
4.53696
508.139
544.435
419.669
4.53696
408.326
455.964
460.501
4.53696
331.198
349.346
360.688
4.53696
433.279
462.77
528.556
4.53696
564.851
558.046
585.268
4.53696
503.602
619.295
392.447
6.80544
524.019
478.649
465.038
4.53696
483.186
399.252
451.427
4.53696
476.381
349.346
342.54
4.53696
428.742
403.789
460.501
4.53696
419.669
444.622
410.595
4.53696
444.622
365.225
544.435
4.53696
338.003
349.346
347.077
4.53696
356.151
594.341
573.925
4.53696
428.742
499.065
465.038
4.53696
428.742
530.824
555.777
4.53696
521.75
385.641
378.836
4.53696
567.12
387.91
446.89
4.53696
417.4
390.178
387.91
4.53696
401.521
381.104
460.501
4.53696
431.011
372.031
365.225
6.80544
542.167
476.381
467.307
4.53696
508.139
528.556
335.735
4.53696
517.213
553.509
508.139
4.53696
496.797
564.851
519.482
4.53696
358.42
376.568
474.112
4.53696
453.696
453.696
458.233
4.53696
415.132
458.233
437.816
4.53696
453.696
392.447
362.957
4.53696
315.319
458.233
394.715
4.53696
319.856
351.614
496.797
4.53696
383.373
492.26
474.112
4.53696
406.058
512.676
437.816
4.53696
410.595
383.373
387.91
4.53696
410.595
387.91
376.568
4.53696
360.688
446.89
421.937
4.53696
424.206
551.24
451.427
4.53696
558.046
412.863
428.742
4.53696
442.353
453.696
453.696
4.53696
408.326
503.602
458.233
4.53696
353.883
465.038
505.871
4.53696
381.104
387.91
449.159
4.53696
444.622
469.575
455.964
4.53696
419.669
406.058
453.696
4.53696
394.715
617.026
526.287
4.53696
501.334
424.206
499.065
4.53696
353.883
390.178
426.474
4.53696
462.77
390.178
381.104
4.53696
419.669
544.435
471.844
4.53696
528.556
555.777
485.454
4.53696
426.474
469.575
503.602
4.53696
353.883
340.272
419.669
4.53696
415.132
421.937
451.427
4.53696
517.213
358.42
403.789
4.53696
424.206
399.252
322.124
4.53696
458.233
437.816
415.132
4.53696
424.206
444.622
394.715
4.53696
421.937
406.058
446.89
4.53696
390.178
415.132
431.011
4.53696
403.789
394.715
421.937
4.53696
392.447
408.326
421.937
4.53696
480.918
331.198
335.735
4.53696
331.198
338.003
424.206
4.53696
437.816
403.789
453.696
4.53696
381.104
428.742
453.696
4.53696
530.824
526.287
421.937
4.53696
399.252
390.178
444.622
4.53696
415.132
378.836
349.346
4.53696
435.548
417.4
412.863
4.53696
431.011
417.4
396.984
4.53696
399.252
431.011
415.132
4.53696
421.937
442.353
562.583
4.53696
406.058
440.085
433.279
4.53696
369.762
469.575
417.4
4.53696
449.159
392.447
353.883
4.53696
342.54
344.809
453.696
4.53696
544.435
517.213
446.89
4.53696
510.408
421.937
524.019
4.53696
469.575
483.186
360.688
4.53696
331.198
378.836
415.132
4.53696
424.206
465.038
410.595
4.53696
408.326
338.003
338.003
4.53696
365.225
546.703
367.494
4.53696
564.851
435.548
555.777
6.80544
528.556
494.528
503.602
4.53696
476.381
467.307
483.186
4.53696
428.742
524.019
508.139
4.53696
514.945
512.676
442.353
4.53696
508.139
428.742
417.4
4.53696
424.206
567.12
492.26
4.53696
396.984
465.038
478.649
4.53696
415.132
510.408
444.622
4.53696
378.836
358.42
356.151
4.53696
514.945
401.521
367.494
4.53696
428.742
410.595
401.521
4.53696
512.676
576.194
537.629
4.53696
499.065
455.964
338.003
4.53696
526.287
403.789
417.4
4.53696
496.797
453.696
428.742
4.53696
374.299
378.836
403.789
4.53696
399.252
387.91
372.031
4.53696
378.836
446.89
485.454
4.53696
351.614
412.863
421.937
4.53696
460.501
433.279
480.918
4.53696
338.003
378.836
374.299
4.53696
381.104
453.696
365.225
4.53696
392.447
381.104
417.4
4.53696
437.816
424.206
424.206
4.53696
378.836
433.279
399.252
4.53696
415.132
444.622
390.178
4.53696
467.307
360.688
362.957
4.53696
351.614
546.703
471.844
4.53696
421.937
569.388
458.233
4.53696
387.91
381.104
510.408
4.53696
437.816
528.556
401.521
4.53696
426.474
342.54
319.856
4.53696
372.031
505.871
451.427
4.53696
431.011
478.649
410.595
4.53696
376.568
440.085
455.964
4.53696
367.494
369.762
396.984
4.53696
446.89
374.299
415.132
4.53696
476.381
396.984
453.696
4.53696
426.474
499.065
340.272
4.53696
474.112
573.925
433.279
4.53696
396.984
385.641
578.462
6.80544
592.073
508.139
403.789
4.53696
487.723
483.186
421.937
6.80544
632.906
546.703
535.361
4.53696
385.641
524.019
505.871
4.53696
465.038
630.637
446.89
4.53696
360.688
358.42
469.575
4.53696
453.696
514.945
365.225
4.53696
601.147
410.595
412.863
4.53696
446.89
378.836
607.952
4.53696
394.715
385.641
392.447
4.53696
399.252
478.649
501.334
4.53696
356.151
428.742
421.937
4.53696
417.4
387.91
372.031
4.53696
344.809
362.957
378.836
4.53696
406.058
392.447
424.206
4.53696
421.937
374.299
415.132
4.53696
442.353
440.085
410.595
4.53696
444.622
396.984
433.279
4.53696
424.206
394.715
437.816
4.53696
335.735
449.159
383.373
4.53696
362.957
385.641
385.641
4.53696
431.011
426.474
408.326
4.53696
426.474
383.373
428.742
4.53696
480.918
353.883
333.466
4.53696
338.003
426.474
458.233
4.53696
465.038
387.91
378.836
4.53696
421.937
387.91
394.715
4.53696
369.762
353.883
356.151
4.53696
449.159
426.474
424.206
4.53696
437.816
381.104
433.279
4.53696
353.883
333.466
347.077
4.53696
510.408
435.548
453.696
4.53696
399.252
426.474
455.964
4.53696
562.583
421.937
546.703
4.53696
440.085
546.703
510.408
4.53696
437.816
390.178
419.669
4.53696
387.91
424.206
347.077
4.53696
383.373
421.937
478.649
4.53696
428.742
390.178
417.4
4.53696
385.641
408.326
501.334
4.53696
435.548
453.696
487.723
4.53696
426.474
356.151
324.392
4.53696
410.595
362.957
369.762
4.53696
424.206
390.178
401.521
4.53696
433.279
410.595
440.085
4.53696
385.641
390.178
403.789
4.53696
419.669
374.299
487.723
4.53696
372.031
492.26
333.466
4.53696
353.883
383.373
424.206
4.53696
376.568
410.595
483.186
4.53696
442.353
392.447
496.797
4.53696
451.427
435.548
499.065
6.80544
524.019
396.984
535.361
4.53696
451.427
480.918
458.233
4.53696
492.26
399.252
349.346
4.53696
362.957
401.521
372.031
4.53696
387.91
374.299
440.085
4.53696
458.233
401.521
431.011
4.53696
424.206
412.863
465.038
4.53696
360.688
385.641
349.346
4.53696
499.065
433.279
406.058
4.53696
378.836
376.568
453.696
4.53696
467.307
437.816
431.011
4.53696
378.836
451.427
403.789
4.53696
578.462
401.521
440.085
4.53696
351.614
455.964
356.151
4.53696
469.575
487.723
451.427
4.53696
431.011
621.563
580.731
6.80544
521.75
535.361
476.381
4.53696
403.789
347.077
347.077
4.53696
356.151
489.991
431.011
4.53696
385.641
399.252
417.4
4.53696
408.326
408.326
360.688
4.53696
381.104
367.494
353.883
4.53696
417.4
410.595
347.077
4.53696
306.245
465.038
421.937
4.53696
347.077
369.762
385.641
4.53696
399.252
440.085
476.381
4.53696
496.797
387.91
369.762
4.53696
410.595
512.676
437.816
4.53696
385.641
383.373
399.252
4.53696
419.669
394.715
451.427
4.53696
340.272
433.279
403.789
4.53696
381.104
558.046
433.279
4.53696
399.252
403.789
449.159
4.53696
444.622
451.427
494.528
4.53696
467.307
365.225
335.735
4.53696
385.641
360.688
412.863
4.53696
426.474
410.595
480.918
6.80544
508.139
399.252
546.703
4.53696
451.427
424.206
564.851
4.53696
383.373
458.233
396.984
4.53696
390.178
369.762
471.844
4.53696
542.167
446.89
417.4
6.80544
455.964
331.198
365.225
4.53696
372.031
381.104
362.957
4.53696
403.789
378.836
342.54
4.53696
376.568
360.688
378.836
4.53696
340.272
435.548
501.334
4.53696
419.669
353.883
476.381
4.53696
462.77
433.279
347.077
4.53696
376.568
437.816
424.206
4.53696
367.494
424.206
333.466
4.53696
358.42
471.844
478.649
4.53696
367.494
353.883
426.474
4.53696
501.334
535.361
487.723
4.53696
442.353
435.548
376.568
4.53696
487.723
503.602
499.065
4.53696
383.373
369.762
362.957
4.53696
480.918
428.742
440.085
4.53696
417.4
396.984
408.326
4.53696
410.595
390.178
378.836
4.53696
410.595
428.742
406.058
4.53696
419.669
376.568
460.501
4.53696
492.26
428.742
535.361
4.53696
408.326
401.521
437.816
4.53696
485.454
412.863
374.299
4.53696
403.789
360.688
526.287
4.53696
378.836
390.178
344.809
4.53696
387.91
365.225
503.602
4.53696
406.058
376.568
396.984
4.53696
410.595
399.252
385.641
4.53696
487.723
460.501
385.641
4.53696
362.957
483.186
319.856
4.53696
446.89
483.186
360.688
4.53696
431.011
428.742
449.159
4.53696
442.353
369.762
458.233
4.53696
455.964
394.715
335.735
4.53696
365.225
335.735
467.307
4.53696
426.474
444.622
421.937
4.53696
369.762
440.085
415.132
4.53696
362.957
499.065
437.816
4.53696
485.454
417.4
338.003
4.53696
369.762
469.575
449.159
4.53696
455.964
417.4
410.595
4.53696
419.669
372.031
424.206
4.53696
440.085
383.373
356.151
4.53696
383.373
415.132
360.688
4.53696
376.568
415.132
360.688
4.53696
367.494
376.568
428.742
4.53696
417.4
417.4
399.252
4.53696
421.937
428.742
369.762
4.53696
333.466
496.797
392.447
4.53696
548.972
369.762
387.91
4.53696
340.272
406.058
367.494
4.53696
351.614
442.353
399.252
4.53696
446.89
433.279
347.077
6.80544
492.26
519.482
508.139
4.53696
489.991
542.167
428.742
4.53696
446.89
415.132
521.75
6.80544
478.649
623.832
449.159
4.53696
607.952
628.369
555.777
4.53696
621.563
469.575
514.945
4.53696
521.75
462.77
528.556
6.80544
462.77
387.91
349.346
4.53696
360.688
444.622
492.26
4.53696
444.622
455.964
421.937
4.53696
421.937
446.89
428.742
4.53696
517.213
401.521
396.984
4.53696
496.797
426.474
455.964
4.53696
419.669
426.474
467.307
4.53696
419.669
467.307
372.031
4.53696
410.595
476.381
483.186
4.53696
410.595
387.91
417.4
4.53696
362.957
480.918
474.112
4.53696
421.937
421.937
401.521
4.53696
442.353
365.225
503.602
4.53696
428.742
385.641
508.139
4.53696
419.669
551.24
376.568
4.53696
353.883
358.42
458.233
4.53696
408.326
451.427
469.575
4.53696
410.595
367.494
383.373
4.53696
417.4
392.447
394.715
4.53696
387.91
417.4
381.104
4.53696
424.206
437.816
455.964
4.53696
437.816
415.132
381.104
4.53696
467.307
444.622
385.641
4.53696
449.159
492.26
501.334
4.53696
446.89
499.065
424.206
4.53696
437.816
469.575
501.334
4.53696
374.299
381.104
508.139
4.53696
467.307
519.482
365.225
4.53696
310.782
508.139
503.602
4.53696
403.789
390.178
365.225
4.53696
349.346
333.466
401.521
4.53696
383.373
465.038
503.602
4.53696
501.334
315.319
362.957
4.53696
410.595
390.178
349.346
4.53696
435.548
356.151
501.334
4.53696
394.715
401.521
358.42
4.53696
372.031
394.715
335.735
4.53696
360.688
378.836
353.883
4.53696
408.326
465.038
453.696
4.53696
381.104
446.89
419.669
4.53696
412.863
383.373
392.447
4.53696
406.058
410.595
367.494
4.53696
385.641
376.568
387.91
4.53696
421.937
369.762
347.077
4.53696
453.696
437.816
453.696
4.53696
451.427
449.159
417.4
4.53696
442.353
410.595
412.863
4.53696
419.669
476.381
462.77
4.53696
410.595
396.984
403.789
4.53696
403.789
369.762
342.54
4.53696
351.614
387.91
372.031
4.53696
396.984
351.614
351.614
4.53696
478.649
440.085
494.528
4.53696
449.159
426.474
483.186
4.53696
433.279
431.011
333.466
4.53696
387.91
412.863
460.501
4.53696
573.925
601.147
564.851
4.53696
582.999
533.093
505.871
4.53696
510.408
533.093
483.186
4.53696
589.805
376.568
419.669
4.53696
340.272
496.797
342.54
4.53696
342.54
458.233
358.42
4.53696
478.649
428.742
358.42
4.53696
426.474
512.676
435.548
4.53696
431.011
501.334
399.252
4.53696
406.058
376.568
374.299
4.53696
560.314
385.641
415.132
4.53696
403.789
548.972
374.299
4.53696
567.12
501.334
514.945
4.53696
489.991
519.482
585.268
4.53696
444.622
612.489
519.482
6.80544
594.341
551.24
392.447
4.53696
376.568
369.762
372.031
4.53696
489.991
535.361
374.299
4.53696
514.945
437.816
453.696
4.53696
435.548
406.058
505.871
4.53696
480.918
421.937
415.132
4.53696
517.213
374.299
521.75
4.53696
415.132
406.058
442.353
4.53696
440.085
451.427
553.509
4.53696
501.334
374.299
390.178
4.53696
467.307
530.824
476.381
4.53696
419.669
526.287
433.279
4.53696
467.307
426.474
558.046
4.53696
431.011
485.454
412.863
4.53696
437.816
440.085
510.408
4.53696
485.454
542.167
399.252
4.53696
424.206
362.957
455.964
4.53696
421.937
333.466
419.669
4.53696
467.307
519.482
424.206
4.53696
446.89
442.353
483.186
4.53696
521.75
460.501
519.482
4.53696
431.011
467.307
446.89
4.53696
431.011
333.466
369.762
4.53696
426.474
378.836
360.688
4.53696
399.252
390.178
526.287
4.53696
496.797
387.91
530.824
4.53696
374.299
480.918
510.408
4.53696
460.501
376.568
351.614
4.53696
462.77
476.381
512.676
4.53696
521.75
487.723
410.595
4.53696
410.595
494.528
485.454
4.53696
358.42
347.077
362.957
4.53696
351.614
374.299
333.466
4.53696
390.178
403.789
471.844
4.53696
451.427
365.225
455.964
4.53696
412.863
362.957
446.89
4.53696
326.661
526.287
496.797
4.53696
435.548
369.762
514.945
4.53696
524.019
601.147
340.272
4.53696
401.521
378.836
560.314
4.53696
503.602
326.661
358.42
4.53696
433.279
542.167
435.548
4.53696
442.353
365.225
356.151
4.53696
455.964
381.104
428.742
4.53696
367.494
449.159
331.198
4.53696
517.213
476.381
442.353
4.53696
453.696
494.528
469.575
4.53696
467.307
444.622
351.614
4.53696
340.272
369.762
480.918
4.53696
390.178
374.299
437.816
4.53696
417.4
394.715
401.521
4.53696
415.132
351.614
356.151
4.53696
428.742
655.59
451.427
4.53696
460.501
467.307
415.132
4.53696
378.836
406.058
467.307
4.53696
512.676
460.501
406.058
4.53696
453.696
453.696
478.649
4.53696
462.77
358.42
489.991
4.53696
381.104
508.139
503.602
4.53696
403.789
467.307
431.011
4.53696
499.065
424.206
431.011
4.53696
444.622
469.575
467.307
4.53696
426.474
344.809
349.346
4.53696
392.447
376.568
449.159
4.53696
331.198
358.42
396.984
4.53696
544.435
433.279
410.595
4.53696
417.4
410.595
399.252
4.53696
362.957
406.058
567.12
4.53696
385.641
426.474
390.178
4.53696
383.373
419.669
471.844
4.53696
428.742
351.614
322.124
4.53696
387.91
517.213
369.762
4.53696
406.058
514.945
396.984
4.53696
365.225
351.614
458.233
4.53696
360.688
365.225
383.373
4.53696
489.991
503.602
403.789
4.53696
344.809
526.287
483.186
4.53696
406.058
437.816
353.883
4.53696
406.058
426.474
344.809
4.53696
385.641
401.521
344.809
4.53696
449.159
396.984
514.945
4.53696
467.307
469.575
410.595
4.53696
356.151
335.735
349.346
4.53696
376.568
394.715
392.447
4.53696
399.252
347.077
349.346
4.53696
476.381
546.703
392.447
4.53696
365.225
387.91
396.984
4.53696
401.521
403.789
353.883
4.53696
383.373
446.89
440.085
4.53696
458.233
399.252
392.447
4.53696
415.132
499.065
369.762
4.53696
369.762
440.085
385.641
4.53696
410.595
390.178
462.77
4.53696
548.972
444.622
539.898
4.53696
487.723
508.139
435.548
4.53696
449.159
421.937
442.353
4.53696
322.124
453.696
514.945
4.53696
428.742
410.595
465.038
4.53696
444.622
433.279
444.622
4.53696
437.816
410.595
401.521
4.53696
394.715
351.614
351.614
4.53696
387.91
455.964
344.809
4.53696
442.353
331.198
480.918
4.53696
367.494
381.104
410.595
4.53696
410.595
403.789
378.836
4.53696
356.151
344.809
333.466
4.53696
442.353
385.641
372.031
4.53696
469.575
360.688
526.287
4.53696
505.871
505.871
533.093
4.53696
433.279
408.326
408.326
4.53696
474.112
585.268
537.629
4.53696
483.186
526.287
501.334
4.53696
460.501
512.676
455.964
4.53696
399.252
546.703
347.077
4.53696
605.684
558.046
424.206
4.53696
340.272
465.038
499.065
4.53696
514.945
478.649
489.991
4.53696
424.206
353.883
417.4
4.53696
415.132
417.4
521.75
4.53696
471.844
383.373
521.75
4.53696
401.521
376.568
351.614
4.53696
435.548
449.159
