11693
11607
11778
31128
11014
13735
18592
8506
18294
22787
14423
4311
13663
4451
13636
14538
13662
16510
17987
10515
12209
2011
11518
11435
14973
12739
13580
1675
14972
11536
12295
11692
12136
11777
16826
17680
16999
908
21231
11139
3354
3354
19254
7670
914
7080
3107
21397
11605
11170
10734
12977
13212
16738
18670
16548
5868
15592
15431
7019
13775
2852
2852
21323
13907
18341
9167
18233
10069
19499
18304
17794
20111
18503
20185
18545
20197
20286
19401
18705
18713
18305
19394
88
10596
14971
8199
14678
13848
20454
19074
16867
16948
20737
20924
21300
16496
16496
18630
20656
12308
12308
12308
20894
20806
20897
20810
20907
20903
20907
20908
20983
20987
21073
21076
20991
20995
21081
20999
21003
16208
21184
21253
21348
13503
21260
21265
21269
21266
21269
21273
16668
14813
14403
12512
14143
13893
14271
12727
12818
12566
16692
17587
13899
13969
12285
13729
7331
13670
9689
9834
11445
1761
17085
10065
15422
14551
15264
8930
17936
11576
12377
13500
12171
13618
11040
10987
4059
8311
11285
12420
11550
30899
28439
32027
11278
30285
22903
21320
18225
5104
18673
19678
31988
17514
31629
30795
31985
30793
7509
17214
24648
17118
12218
11859
16824
16679
17779
17779
11782
617
31
31
31
16420
16254
16335
21233
14226
21322
1672
14822
16610
17481
16556
16676
18464
18494
20004
20103
20369
19410
20728
20641
18779
17573
16133
17216
16787
4696
6371
13730
12907
19393
19321
19404
9939
9939
19473
19473
20637
19492
12025
20916
17944
17363
13116
19935
14027
21369
12677
11687
19916
12647
11707
17598
21188
16412
21280
21191
18848
18848
17643
17742
21372
17309
16806
17221
12077
15575
9501
9501
16560
17744
16581
15447
15448
14565
20467
3413
2971
17878
20344
20348
20352
20352
20354
31272
20429
20433
20436
20434
20434
20523
20440
20621
20531
20530
20624
20446
20532
20538
16302
16563
20698
20886
20702
20701
20706
20710
20714
20718
20722
20726
20819
17238
21064
20979
20982
16167
18092
16674
16840
21245
21249
21337
21429
21252
21343
16203
17144
17126
17126
9491
14141
14400
16428
16074
17900
17746
13550
15111
15586
3543
6744
17093
17131
17134
12645
6823
3666
13909
11140
14033
17882
16549
18103
4088
13557
3538
11774
11602
12202
12557
6788
12681
8727
15880
18958
21146
11286
13894
15118
15118
13298
31992
169
169
30905
24984
12063
30788
2271
19156
2395
29643
32436
25346
6009
24889
17773
17875
28206
16684
16509
17977
25678
12114
16246
16767
16848
26777
19844
19852
17593
16960
17891
19840
24254
21203
16690
17365
17999
10657
19171
5018
17477
16776
17477
16330
16758
14409
21282
21104
19076
12112
12112
17138
17802
17802
16435
11771
11358
11662
16441
17366
17125
16666
16586
20371
19673
15660
12980
13242
4977
13294
13572
17493
14602
13192
3492
3492
15619
13262
20162
20161
32355
9303
26912
19993
26912
32203
32203
32434
32220
20332
20247
20245
20250
20165
20252
20258
20173
20261
20266
12068
20267
31510
32445
11201
20508
20513
20427
20447
8730
31994
17684
16685
20786
20879
20788
20791
16788
16599
17869
21059
21061
21242
16530
16961
21331
21333
17154
17414
30
700
12461
16750
16088
17390
16893
16893
1602
13783
16559
17205
13906
11134
17974
17934
11468
11994
11369
5957
17402
31361
31756
31256
17939
14419
12737
18752
31258
31496
30694
12053
10829
31886
15999
9586
26162
28191
17405
16735
17931
24239
25788
27803
27803
3832
2014
28083
25810
1214
1222
16651
24378
24378
24378
26134
4795
17913
21023
6098
1129
27880
21115
11694
14677
17223
4553
20732
13614
16772
5749
16345
12822
13312
5161
16915
16616
18827
18921
13459
3254
13208
6416
6416
13235
237
13630
13076
15343
14206
13524
3249
4192
15143
14118
13328
15609
13391
18957
18423
18423
18423
13908
19407
18804
18804
20017
19753
19505
19926
20016
16291
18331
19809
27303
32361
32472
7431
10887
12339
29742
32227
31019
4990
20068
19980
19984
19987
19987
32470
31000
29352
25208
25208
11884
31864
11539
31369
32406
27422
27299
31367
31622
31130
20505
20599
27673
21432
17980
20782
20783
17907
15837
17907
16667
6183
21056
16911
17128
16264
19654
21328
13767
17504
16704
19398
13896
16343
18013
24156
17222
18098
18141
27933
11490
25366
19724
16348
18057
26789
24534
10334
32517
12139
11441
11441
17805
26930
14158
32215
24871
27186
3476
3476
17335
398
31624
31623
271
27180
27177
2843
3459
17506
804
3349
26933
26161
65
15774
3713
24774
205
4416
1020
26998
27752
3110
21374
20638
15104
20639
1972
1972
20646
19765
20093
21109
21286
20123
21286
20645
20455
20730
14839
136
11912
11912
11912
21377
20562
21198
13779
21392
10330
18548
13731
20030
14700
14902
2513
2513
2513
13984
19756
20203
21111
21200
2227
2227
2253
19680
18499
15060
14715
16423
13388
13388
13570
15661
13646
4204
13000
13489
13724
944
5149
2264
3290
18307
21303
18661
19835
20102
18815
15435
17550
17301
16583
16492
14338
16464
18342
20385
19769
18878
2013
2013
19182
16967
15839
17298
17647
16966
17845
18875
20462
16696
15018
16520
16200
17310
3015
19752
20015
14202
14203
14593
14871
9957
18274
13602
17117
13832
14075
13291
13487
29745
29958
29957
30071
30392
15787
15919
16011
16098
15925
31641
31773
31891
32011
32250
32477
12418
11712
30995
26925
31105
19805
19893
19721
31768
32006
32245
32476
9715
31030
26011
32237
11462
31376
27169
26904
19978
27190
30892
31001
27418
27295
27419
30488
32112
32112
27541
27543
16137
16387
27918
28046
17906
16082
6681
17799
499
19647
4209
16618
301
25532
4813
4697
4697
17792
24146
26347
26348
15989
17273
27924
16164
5284
16780
5285
26661
28256
5643
5767
30791
19903
2146
5994
27806
26603
26603
26603
24232
26419
31637
22918
27068
19649
4289
24272
25204
4671
25095
297
25803
27676
7665
8982
6915
7120
2647
8227
1019
156
25148
62
8344
3231
32602
20545
13768
13768
32827
19001
19002
1856
2856
4554
32742
30067
31124
31488
31236
32697
19596
9954
18709
20186
12340
12986
3599
20282
33063
33063
18826
18826
19830
18920
16665
18471
19428
13247
13367
1156
1156
19096
19755
21118
20655
18662
20466
20292
20929
19591
13571
2352
2352
3715
14630
13795
1158
15127
5148
13118
13010
3114
13493
13292
13316
19155
20031
18337
20297
18313
20659
19504
13655
21393
5874
13225
1254
2402
12550
20566
3000
3000
19856
18347
18347
18879
20660
19770
3853
1263
419
19921
8521
178
178
18248
20745
19759
20745
19105
15163
15631
15632
2552
19751
19925
14071
14071
14456
14868
15014
2706
14539
13381
13381
13711
13949
13951
13064
13204
13091
13287
29355
29647
29644
29854
30074
30291
30596
30494
15750
15749
15749
15803
24456
24558
16181
15927
16016
15931
18379
18459
18380
18380
18383
18542
16103
31647
31898
32129
32127
32372
32485
19638
31386
31646
31896
31895
32252
32484
32370
12414
27825
32242
29544
29544
29544
26637
26512
19890
29254
31997
31133
24068
26899
26901
30491
17721
27165
32244
31115
32091
27788
27537
27667
3377
27914
27916
17413
3742
5517
20355
17151
3858
3979
11356
4191
4191
4455
17503
6000
4700
24140
24140
24140
4817
27881
16394
16394
24638
5523
5288
26657
26663
5771
17835
4797
9605
30387
31029
10322
10322
32343
29257
25449
24531
19823
8352
8256
4288
8256
6293
8253
5882
26034
10167
2357
5265
17425
10180
6697
10178
28195
28178
28195
8951
7911
17822
25697
27687
8634
8028
26600
6675
9816
7958
32949
33046
33061
32868
10978
32942
12770
8333
10077
7953
32618
32775
32570
33019
19727
32691
190
26924
32622
32835
32610
33005
14084
13960
32842
11608
11608
27184
2025
4325
14293
1900
3241
13574
13413
14988
1471
13626
13629
13721
13721
13491
25209
3113
12730
3489
512
13193
14314
1432
21125
21383
20846
15469
2432
758
340
18391
10531
18349
19931
12491
14193
14585
15008
14863
15470
15310
15470
15628
19667
19668
911
13591
13943
13945
14320
14725
14453
14453
14866
20200
20554
13126
13281
13479
13480
17614
13043
13032
13059
13084
13202
29359
29554
29552
29753
29752
30078
30075
30295
30500
15747
15791
31152
31276
15748
15748
31665
31916
32028
32146
32384
32495
15811
24453
24556
16108
15936
18324
15861
15944
16032
15806
15952
15949
15872
18535
18377
18377
21724
16362
16194
18404
18567
18406
18406
18571
18488
18570
16209
18573
16040
18620
18702
18626
31263
31522
31782
31649
32020
32259
32130
32130
32374
15916
25587
26379
26129
19553
19553
26129
31261
31387
10682
31763
29846
32324
26633
26771
26508
31247
30993
32119
32219
26895
26896
26266
31148
27410
27161
27289
31761
27533
27662
27536
3257
3380
27910
28163
3746
3629
6208
3863
3862
17710
17624
4217
4217
6481
7357
24990
4701
4577
4577
4580
24133
24137
4819
5173
27826
27826
24477
5293
26537
26656
25783
5775
5651
27064
20028
20028
6710
8300
8659
22286
7924
9412
9195
8560
20272
17478
17478
9636
9634
9862
6635
17629
24583
7079
7607
10202
7610
6684
26641
6869
7813
10165
27061
8878
8967
8638
25755
19403
8004
9058
8741
28128
32577
8102
8098
6676
32597
32954
32954
32555
32968
32930
7657
6821
7852
32987
33020
32799
10253
32728
32940
32993
10969
32553
12234
5385
7013
7123
33025
32914
32585
32585
32585
32970
33053
32713
10686
32884
10580
12240
1756
11222
622
622
22184
21989
13416
15210
32978
32808
33057
33057
11294
12936
32592
10364
10340
5384
12250
153
153
12856
1050
4568
21936
14167
14634
15056
21888
3001
15138
15662
14438
13072
13469
13232
15452
3134
26999
9507
19569
32832
11615
10760
12833
12129
9594
1439
760
412
2142
32786
32839
12942
12051
10532
10748
14447
12390
14717
15305
235
15627
2038
17423
10888
10888
12661
12661
12832
13588
12744
14192
14582
15007
15157
26544
8753
13276
13278
13589
13590
13822
12993
13023
13079
13057
13079
13123
13123
13123
12994
12985
12985
13015
13042
29062
29062
29265
22029
29557
29459
29757
29971
29968
30191
30190
30296
30504
30704
30921
30919
31280
31280
31538
31799
31667
32149
32388
12422
21053
24450
24353
16114
18400
18320
18401
15816
15955
22690
21827
16282
16198
16195
16195
18561
18563
16214
16213
16045
18695
18773
18777
16533
16450
18643
18731
16382
16294
16294
18650
16298
31021
31144
31269
31656
31908
32021
32138
17252
32262
1792
26250
26125
32001
10093
10093
30585
30593
26764
26629
26504
12657
30889
31996
26891
26892
31374
32449
32350
27283
27285
27157
2897
2893
2893
27529
3138
3258
3384
27906
3508
3749
6682
4099
17708
2268
2268
10410
4220
6284
24697
4584
24082
5179
4823
4940
27810
24462
5297
26163
25898
27428
5778
5532
24085
24168
5896
9495
26778
22174
5626
8559
22802
22740
7862
9404
8725
2732
6223
6806
9608
28126
9969
7810
26288
7569
118
18009
26599
9163
8423
25535
22896
6906
8496
32725
22666
22664
10307
8139
9861
11715
10817
11057
11448
22349
22443
22270
8026
8124
6749
12835
12766
12759
12238
10417
10417
11722
12150
10762
22185
21992
22186
14713
9948
7329
11459
11459
10522
920
8341
11793
1226
10831
9166
21890
309
14365
14909
4326
13526
14177
14877
14466
14916
14853
11953
12054
12933
12044
12749
11200
10301
11035
11200
8984
10367
12851
4993
10529
32627
32664
12332
11450
11450
11454
4875
11360
12241
11303
10814
10814
10814
12567
12477
11618
12125
10816
10816
12389
11697
10968
32945
11533
2582
2582
1119
12326
23916
12335
29066
28974
29269
29463
29660
29974
29760
29760
30195
30407
30405
30608
30925
31161
31542
31410
31803
32039
31921
31921
32391
28192
6398
15761
23911
24347
24448
18397
18398
223
223
6399
24771
22421
16369
18554
18557
18477
18638
18642
323
24887
21982
18834
18842
18771
18842
18843
16623
16623
16455
18723
18795
18799
16139
625
520
18910
18914
18918
16798
16882
18846
19062
19065
19064
19069
19230
19230
33348
33347
19382
19304
19470
19309
19472
19312
19312
19390
31528
31789
33342
31909
31909
17253
33338
17343
17344
26121
26372
28240
32359
29847
30800
26761
26500
25260
25260
26888
31766
25564
2765
27154
27282
27153
2900
3023
3022
3022
27525
3144
3142
3387
27776
27776
27776
27904
3511
15746
28152
28152
4103
3867
3867
3989
20001
17432
20001
17707
4224
4342
6383
24439
6384
4711
4826
24074
5183
5181
4945
27795
27800
5301
26131
5899
5658
26477
17509
24863
6016
23246
20573
19606
5750
22477
20212
9798
9799
7296
23540
21508
21958
7364
6538
6542
23940
7344
6474
6474
9521
26263
25897
8852
8628
9272
5761
23155
23155
9374
9271
23151
22786
23020
7952
7857
26795
17821
6393
10189
6632
27938
7539
6712
7640
26345
22190
1335
2878
1577
10174
14444
15322
33501
17422
17422
17422
27564
18001
14241
13151
14625
13271
5251
13136
13858
19352
13527
18742
308
28978
28894
29272
29467
29371
29664
29870
29763
30198
33123
30304
30304
33196
33095
33117
33091
31416
31286
31677
32043
31928
32280
6305
12672
24341
24343
6402
6401
24546
24767
18633
18636
6706
224
224
6799
24883
24885
16629
18784
18787
18716
18716
18863
18868
18864
18870
7222
850
629
7003
25225
18907
16803
16715
18932
18936
19086
18940
16641
16725
16643
25556
19135
16971
16976
19158
16977
19159
19246
16986
16901
16987
25779
25780
19381
19381
17159
17162
17160
17160
17166
1796
1796
17168
26117
26119
1909
1912
2032
2032
2032
26757
26496
26497
11874
32443
26756
31031
30385
27275
27149
2903
2904
3145
27521
3148
3390
28148
27900
3642
6240
6685
3874
18020
4228
4470
6168
6171
4715
4589
24059
24060
24787
26042
5187
5065
5067
27750
5305
26008
24165
24165
5785
5541
5659
20412
26543
21853
5903
6020
22699
4050
9468
5865
23418
22016
23673
10265
7216
21326
21777
7842
7842
7666
8295
23943
23552
23815
7465
6674
23292
23423
23160
8957
8957
8957
7565
23159
11886
13461
6412
9593
32798
10456
32557
32724
32924
32924
32924
12576
10839
11969
11046
9576
9398
32964
32964
11210
10675
11630
11542
55
10289
32979
28241
12748
11284
4996
11204
12142
12928
10593
26801
24381
9828
6633
13648
11056
4695
10832
16309
591
4534
25456
20930
4435
281
20653
20452
18667
17059
18191
28827
28759
28981
29172
29375
29277
29570
29874
29871
29874
33194
33119
33092
33203
33148
31420
31681
31932
32284
6309
6308
18292
18370
24244
33074
33104
6406
6606
18448
527
231
24879
25111
25113
18856
853
632
742
25221
25222
25222
25222
18927
18928
16816
956
25552
25555
19157
16903
17077
16907
25775
25883
17170
17081
26363
26363
26363
26113
17354
26492
26495
17637
31234
31741
26880
27015
31356
27271
27271
27271
27145
2907
3031
27517
3152
3273
3150
28144
28144
27896
27898
3520
28271
3879
3876
18021
6122
4231
6690
22075
4595
4716
24028
26019
5070
5070
4953
4950
27685
15738
5426
5423
26416
5906
5545
22563
21702
21702
5907
23282
6003
5872
22428
22748
2470
3590
9082
8138
22717
12062
33499
9199
23947
23554
23682
23297
23431
7457
6298
7467
7467
23427
23165
10752
14430
13356
14734
13862
10309
6631
6631
13337
8822
10751
10902
12666
10606
14600
15666
15642
11713
13859
10469
10469
13434
13919
10966
11619
11973
11466
11892
12664
11726
32858
9975
10827
10971
11131
2224
2224
32983
27057
32685
9295
8505
7007
17919
6387
28076
6825
6811
24640
24663
25802
27565
6701
4309
12378
21944
24331
1354
282
21946
18950
16930
4162
2671
16749
6123
6123
6123
12460
18508
20192
20386
16524
28380
28504
28440
28631
28763
28984
28982
29176
29378
29574
29473
29773
29877
33100
33146
33125
31296
33177
31684
31552
31936
32288
32403
32403
18280
18437
18442
18446
18443
18447
33147
33201
33138
33174
33179
33129
6409
18518
18602
18684
18686
24761
334
6713
332
18829
531
855
25217
1064
960
25438
25549
16909
1164
25771
25880
17082
1479
1478
1478
26234
26236
26109
17355
17539
1805
1919
26488
2159
26876
26876
26876
26748
2655
27141
27144
2780
2912
27513
27766
3277
3397
3395
28142
27764
27892
3650
3763
28267
28140
3883
18124
4235
4234
4350
6691
4722
4597
24022
24025
24751
4957
4837
27675
5313
5428
19523
5640
5640
5549
22293
18396
5911
20781
6128
6105
21507
19773
19773
23887
3345
2592
22913
21616
3352
14601
15640
13424
23951
21681
23688
2139
13975
13020
15643
13332
868
13876
3363
3363
7342
15653
14696
14709
13034
12998
13744
32675
10187
32693
32693
10977
32607
8529
7219
7219
7925
8115
32549
32687
7081
9853
26806
26403
6617
6895
7015
25008
24153
24565
9181
7545
5375
26412
27306
27430
6008
4049
21897
19581
16673
19582
619
13110
20105
20105
16251
10941
28328
28281
28507
28507
28635
28834
28700
28987
28902
33296
33284
33319
29578
29777
30095
29881
33082
33098
33143
31300
31558
31818
32168
15826
24235
18435
33108
33083
33207
16056
16056
15969
18514
18676
18516
18681
18599
18599
18682
16142
13504
18756
22461
18760
22886
640
637
637
25103
25103
25103
860
25544
1271
25767
25874
1483
1586
26355
26105
1809
26484
2162
27007
26744
2534
2657
27137
2916
2916
3039
3038
27509
3159
3281
28012
27888
3524
3527
28136
28265
4115
4006
20090
1749
1749
4481
4238
14035
4601
4480
4480
4602
23512
25980
4961
5197
27633
2635
5317
25126
5553
5553
5553
5673
21906
21803
5915
23770
22797
1639
3946
5500
21784
12137
2596
5366
22650
22651
23917
21730
952
12973
2928
23953
23692
23827
2743
12991
14737
3728
13345
14101
32614
12039
11723
32870
32898
6940
7328
9940
25534
26518
26932
6923
7439
25673
27185
7317
10193
8137
17429
7849
7654
226
17419
27133
19333
505
3606
504
19176
589
18270
220
3010
176
16705
18658
28275
28274
28332
28449
28639
28836
28988
33325
33307
29678
29579
29579
29779
29993
29781
29781
30204
30511
30709
30930
31176
31561
31822
32059
32293
32292
24645
32522
22102
24326
24234
28907
29082
29284
29283
29580
33171
33101
16061
15895
21646
22148
18675
16228
16147
16230
16148
18821
18898
23439
25101
16399
16397
16401
25211
966
864
25540
25654
1275
1383
25763
1487
26226
26229
26101
1813
1925
26480
2166
26740
26741
2538
2660
20587
20407
27383
2920
20681
20682
3285
3404
20960
21049
27887
28135
3531
3530
3655
28133
15883
3888
2393
4242
4362
19563
18763
4606
25705
25975
5083
5081
4965
27574
5321
5438
11354
25368
5679
21904
21857
5919
11168
21477
1435
3453
23532
22593
2221
4782
21670
23529
649
23958
14577
14059
14579
14172
1541
147
514
836
15487
13997
14704
13394
15047
32982
32718
11636
8966
12415
7540
7540
32719
6191
6191
32779
32604
32604
8839
24143
7755
7022
6680
26534
27054
19736
7150
9258
7135
9963
26095
24778
26807
10053
9402
21848
21796
94
174
6100
19108
3292
2888
3854
21733
21733
28335
28453
28391
28642
28516
28770
33333
33320
33322
30207
30101
30414
30413
30614
30612
30933
31306
31563
33264
32062
31825
32297
11897
346
26478
12048
28706
28840
28772
29085
29288
29485
29481
29680
29581
29581
33303
33263
15978
15978
15899
16067
22079
23006
23006
16318
16152
22211
18894
18896
18899
16572
16572
16489
16404
16406
19046
19126
19125
25319
25320
16743
16659
16655
16655
19370
19206
19207
1279
19455
19621
19459
25761
25762
1491
1595
1700
19786
19706
19706
26100
1817
2050
19956
19960
19964
19965
2170
2294
20308
20224
20228
20143
2542
20485
20672
20401
20399
20399
20405
20584
20406
2924
20674
20677
20679
3288
20951
21134
20957
20954
20954
20959
3535
3773
3662
21223
21407
20445
3890
3892
2029
600
600
4246
6198
4610
28050
28050
5205
4969
27559
27823
5325
22596
19039
5805
5561
18298
23792
5923
5921
21450
3330
3330
21867
23939
15320
14229
2973
8221
21481
4806
380
6317
44
15667
14116
14360
502
4178
13842
14294
4618
14698
33002
12219
12131
32682
33044
32936
6379
9958
8737
9288
12135
25919
32892
10303
10303
7023
7023
7023
27066
6808
8238
6200
17242
7534
7456
26515
17816
17816
9723
9473
6829
21750
21699
3054
9264
1231
15297
3706
11862
28293
23094
28395
28339
28645
33287
33290
30517
30714
31054
33245
33217
31948
31948
32301
32298
32300
32530
26404
15833
22924
23075
28709
28708
28844
28998
29189
29187
29391
29683
29891
29783
30105
33298
30313
30417
30716
31056
30824
31310
31698
31696
33259
15901
22080
24526
24424
446
16157
447
24859
24977
24978
16578
544
651
19115
25093
19123
19045
19124
16832
16747
871
19194
19280
19198
19202
19285
19203
16919
1281
19447
19612
19451
19448
19448
19618
19453
1601
19694
19698
19868
19702
1821
1935
20128
19951
19952
19953
2172
2172
2298
20216
20217
20221
18062
2544
18168
26993
20575
27252
20482
16634
3048
16469
16841
27376
18105
15987
16479
27748
27877
21040
18017
16472
16547
28253
21403
21311
21405
18148
17702
12258
2866
2866
1352
10836
16514
4247
4247
16702
22479
20066
4614
4735
4738
17334
5090
27549
18132
21968
5446
5329
22014
22166
5565
5563
21490
21878
21878
21878
5927
22305
22160
267
2962
23809
11434
20302
13986
14500
3342
21855
3418
3418
23966
1801
644
6233
5139
5508
615
615
13420
14061
3498
15194
3006
13647
5509
15362
32838
32564
32889
7542
3359
3359
32571
6918
32600
21757
32976
8980
9750
9750
25756
2638
2638
7442
9379
15745
25426
16090
6640
9720
24076
28182
6938
6647
6647
7940
599
24151
21751
9046
9960
9368
13904
15296
8433
4061
3360
28296
28399
28342
28585
28458
28458
33256
32184
32421
32418
25586
20453
24129
24224
28649
28847
28711
28711
29002
29193
29395
29395
29590
29790
29687
30003
30002
30317
30521
30719
30940
31314
31311
31572
31951
31827
33249
6235
24630
24420
24420
6515
24740
765
547
547
25089
1081
1081
976
874
25309
25309
25309
25310
17008
1180
17099
17015
25640
19444
17189
17194
17196
25973
25974
17459
17559
17460
17460
26215
26217
17751
17755
17957
17857
26729
26594
18066
17963
18176
26989
26991
17596
17596
17407
16458
27372
27494
27375
18116
18015
16249
17053
17868
27744
27997
18144
17500
17800
28121
16605
16963
16790
22628
21606
17699
16522
15459
17152
3293
20375
20568
23203
16644
4615
4615
17437
21933
4975
5091
27438
16756
27438
5448
5333
20234
10732
5569
22753
22663
39
5931
6047
21810
3337
1142
1126
20127
22364
20867
1635
4417
22289
23842
23576
440
13471
5048
14699
595
595
4667
1581
5271
2260
15341
15131
15142
32552
32619
262
32952
32817
32984
32572
8131
3348
9918
33047
25236
8435
8334
24274
24181
9813
7247
9727
9589
27632
24242
10031
27187
27042
8121
6598
10076
19434
19518
19944
7449
8857
21395
14710
833
723
28298
24029
28348
28348
28589
28464
33241
32188
33223
32425
32306
32306
25563
25675
24125
28652
28784
28715
28922
29098
29004
29004
29398
29594
29592
29794
30007
30217
30110
30110
30524
30522
30723
30723
30944
31190
31063
31576
31444
31834
31954
31953
10683
6423
24518
24418
24627
6519
24736
24739
660
551
24969
24970
24971
978
878
878
25305
1183
1185
25636
25638
17198
17203
25969
17463
17463
17468
17566
26337
26211
17760
17763
17862
26590
26857
17964
18076
26985
16287
16380
2934
27368
27620
16079
3177
27740
3422
3547
27992
28118
28246
17832
3785
16805
22967
23097
5368
17871
22051
22580
22377
23211
23205
23205
17533
16731
17535
17725
23315
16267
23621
2519
5573
5336
23487
23487
22618
21516
5695
5572
22007
22817
5935
5932
21793
5494
21202
11350
2096
3941
4057
11551
23846
23710
15658
14113
1535
23452
2891
1685
2711
2711
13742
15603
1918
10297
32991
32958
32620
32620
32866
8350
9086
26665
32822
32822
7537
8213
24983
15744
6890
6890
6890
6274
24084
26792
9836
6704
6704
18096
24783
25124
6699
33477
2637
25314
8541
7446
7020
20121
21126
6992
14571
7146
21659
21523
21523
21523
14308
24057
28351
28531
28407
28593
33243
32070
32428
24435
32539
24122
28788
28718
28926
29101
29100
29304
29500
29402
29497
29696
29695
30011
29900
30221
30218
30428
30325
30628
30526
30526
30947
30946
31194
31191
31449
31448
31837
33266
31955
31955
6242
6427
24412
24412
24412
24515
455
6523
24847
24732
555
773
552
24965
24966
983
25410
25523
25301
1189
17023
1295
25632
17204
1504
25965
25968
1947
1718
26333
26207
26208
2065
26587
26587
26587
26589
26852
2436
2434
2557
26982
27242
2806
27364
3181
3426
27615
27737
27864
3550
27988
33496
3788
22737
22854
4379
4137
4261
4380
21384
22744
21817
14425
4505
16740
4506
23215
23434
16288
17572
15346
16719
5456
11275
19133
22561
5822
5575
5699
23219
23219
5939
23225
21495
21495
23117
2480
2833
1539
11110
11142
18350
22518
1530
3099
22215
23849
14112
4741
4304
23713
23456
23711
3013
4321
593
194
194
4501
13093
13978
1052
2548
32794
1045
8635
8250
9392
32796
32639
32656
137
8646
32658
32689
7531
6648
6996
27504
27755
8657
7942
7942
24899
27678
25786
28204
6998
6792
27681
25759
7238
6276
6276
7250
19354
9942
6297
6831
13694
13810
13811
22255
28355
24023
28535
28470
28473
28597
33260
32074
31961
32072
32196
32315
10591
24118
28725
28723
28930
29105
29308
29204
29504
29700
29602
29907
30120
30432
30431
30632
30840
31197
31453
31324
31838
33221
6246
6335
6244
24409
24510
24512
6527
6524
358
358
24843
24728
559
24961
25188
25191
886
987
986
986
25297
25299
1193
17113
25628
25743
1507
1613
25961
1719
1719
1719
1721
26460
26203
2068
2187
2069
26848
26585
26585
26583
2437
2440
26978
2810
2810
2939
27360
27481
3185
3430
27732
27861
3553
22800
28112
23541
3910
3910
22733
22736
4264
4384
22503
21579
23147
22752
4629
4748
4509
23228
23698
21980
21980
5099
15762
13836
23382
20744
5221
21005
21727
5823
5823
5823
5579
5826
23135
5943
22218
2709
481
482
10883
11109
23441
3461
1852
23053
22953
23979
14911
4176
23717
23327
4445
1499
2634
2135
15205
1282
13053
15511
14763
2388
4561
2017
13681
15003
4310
4310
4310
12213
12564
84
10739
32608
8310
8018
32746
24069
7354
32843
12944
10147
7945
22074
7847
13363
21862
21916
13463
28309
28307
28356
28477
28414
28477
28601
31717
31716
31965
31844
32200
32199
24205
24114
28729
28729
28863
29017
29209
29107
29107
29209
29507
29703
29911
29804
30124
30333
30227
30635
30434
30434
30436
30633
30844
30844
31076
31456
33227
33275
6251
6338
24406
6531
6529
24725
24725
24725
24724
781
562
24957
24957
24957
887
991
989
25516
25293
1197
1195
25624
25627
1411
1511
1615
25844
1725
26199
26456
2072
26579
2444
27234
26974
26976
2814
2814
27357
3189
3189
27728
27982
3434
3557
28107
28105
3913
22729
4143
4388
22609
22673
21816
22973
4754
4631
23248
12022
12022
12022
867
13275
14694
4871
2648
9265
7768
17675
5707
5828
22077
21950
6064
5947
21673
22621
22280
585
383
383
21473
18228
21237
2475
23057
22287
22287
4549
4549
918
23984
23589
15572
23460
15725
3294
1716
13873
1576
14762
1709
2887
5044
5135
5135
13649
1258
7218
12151
12143
12033
4994
4994
10663
10664
11980
10414
12937
10473
28313
28419
28363
28481
29811
29916
33273
33272
31590
32082
32202
32081
24297
24110
28732
28867
29021
29020
29213
29414
29412
29610
29810
30023
30021
30336
30336
30541
30739
31080
30959
31333
31202
31202
33228
33222
6254
24502
24404
24404
24402
6535
467
6532
24836
24837
24720
785
24953
995
25289
25291
1307
25732
25843
25620
1515
1514
1621
25953
1729
26195
26449
2076
2194
26575
26577
26843
2448
26970
26971
27232
2818
2817
27606
27353
3193
27855
27724
3436
28101
28233
3917
3915
22725
22990
4147
20232
21922
23137
4634
4516
4635
23261
21236
20408
15171
8621
618
516
4679
2649
5345
9695
13560
5586
5586
5708
22170
22170
22170
19888
6067
5950
22814
22435
22244
3580
693
693
23567
23014
23014
1743
4898
21148
23191
4180
3719
23988
23593
23335
23332
23332
23335
5876
1888
3367
3123
15410
3781
5041
3574
1338
14210
15146
3
28315
24043
28423
28366
28608
28483
29320
29421
29616
29816
30134
30028
30444
33235
31595
31463
31595
31852
31722
31722
31970
32084
24106
28672
28671
28870
28734
28734
29025
29216
29319
29217
29217
29611
29513
30337
30443
30543
30743
30963
33239
33248
31460
31460
101
100
24606
24399
24500
470
470
6536
24833
24716
680
789
24949
24950
898
25285
25287
1205
1103
1103
25837
25616
25619
1419
1625
25949
26067
1733
1841
26318
2080
26571
2452
26966
26966
26966
2822
2819
2819
27469
27351
3197
3437
27720
27851
3565
28097
3800
4034
4037
18139
22836
4151
22404
23080
23259
4639
4639
4520
23300
21713
20328
20328
21581
15608
15286
4745
1802
1802
25679
15830
21866
5230
5228
5228
6386
22376
17510
17510
5715
5589
25312
5953
5951
22694
21409
1233
21962
23391
1859
1741
5367
18979
23045
14898
414
414
15600
23992
23597
23863
23470
15610
14771
1916
1916
1916
15254
15718
3466
1710
4407
5281
4074
3101
13546
13575
5987
24039
24040
28370
28369
28551
28426
28613
29030
29124
29032
29325
29221
29221
29522
29717
30033
29820
29820
29923
30243
30240
30548
31215
31469
31341
31467
31729
31972
24102
28673
28807
28740
28946
29029
29218
30648
30644
30967
30747
33250
31212
31337
33226
6260
24603
24395
24397
376
376
24712
24831
684
793
25172
25282
24945
902
1002
25281
1209
1313
25612
25615
1423
1629
26066
25945
1737
1734
1734
26314
26444
2084
26701
26567
2456
2575
2695
26962
2826
27346
27466
3201
3200
27595
27972
27970
3569
28095
28094
3804
3803
2636
4400
4155
4153
20778
23086
23923
4524
23314
22449
5114
4880
13233
26939
20144
22153
5352
5350
19478
5593
5593
25976
7652
6072
6075
20325
22082
22310
1120
1326
22852
18687
2342
5255
22878
23193
3350
15440
1320
23995
23601
23474
5269
4623
15672
2746
23209
23207
15562
1605
1500
3127
3127
1545
13611
15020
5032
24037
24038
28373
28492
28492
28681
28813
28951
29127
33450
33380
33378
30036
30247
30142
30552
30451
30752
30973
31218
31473
31470
31733
31732
24098
28743
28877
28809
28809
30859
30972
30970
30970
31859
24391
24393
6449
379
24708
797
794
25169
24941
906
1114
25277
25278
1212
1425
25609
25723
1427
25941
26059
7961
7961
7960
26310
26437
8155
2087
2205
26830
26563
2460
27093
26960
26960
27218
26958
8772
2699
2699
27343
27463
27342
3084
3445
27716
27713
9420
28090
9757
3806
3806
23090
20065
20065
23090
22536
4159
4402
4157
23668
21981
23352
4769
4528
22478
21983
22359
5235
4884
4883
26867
206
206
5356
5238
207
5596
5845
5597
22089
5959
22695
22412
7154
8429
22494
22630
23196
23195
2094
10398
23173
20058
9080
1538
1538
23999
23996
23605
23605
23346
23344
23344
14987
14987
2883
1942
14955
15399
4013
3966
3846
1339
409
2132
13543
24094
24035
28376
28496
28432
28622
28750
28885
28817
29040
29130
33441
33390
33355
33358
33449
30457
30657
30864
31098
30975
30975
31476
31736
31606
24185
24278
33356
33400
6206
24387
6452
6650
24820
24937
24704
6945
6944
25053
7159
7156
25384
25273
7263
7367
7469
25607
25719
25716
25825
7678
7573
25937
7966
26307
8159
8262
26559
8457
8670
8564
27088
27089
8776
8774
27338
9099
9097
27709
27839
27965
9425
9424
9421
28086
23066
9647
9987
9758
12197
22360
10104
20961
23389
9938
4531
22100
4888
23562
22424
23891
5360
5359
5242
23803
5726
5601
23253
20595
18688
1678
5963
22106
22368
167
2467
185
22946
22336
21891
7425
1967
23052
22482
21765
24002
14045
1799
10320
24001
23739
23607
14810
15242
5753
13470
2255
14055
15342
15342
15342
14954
15243
15706
15555
4691
4015
3616
6109
1550
10396
28499
28625
28563
28754
28752
28889
29044
33412
33413
30146
30145
30145
30357
30660
30560
30868
31101
31479
31608
10511
10451
33426
33423
33365
33399
33424
31609
24383
6456
24935
24700
24816
6757
6755
6847
25160
25049
7164
7162
25269
25272
25493
7373
25712
7577
7776
26177
25933
26053
7875
8062
26556
26303
26430
8164
8266
8361
26690
26692
26820
8461
8672
8675
27086
26950
27085
8780
27336
27455
27334
9103
9100
9100
9103
27835
33494
27707
27707
9428
9649
28085
22304
3935
3935
3935
9763
20321
23788
13970
10109
10107
10219
18885
23356
4654
24428
5126
5011
22126
22576
23892
5246
5245
5243
22801
10652
5730
5850
5605
21997
21997
21997
20666
6086
5967
6084
21625
20593
21362
1243
21732
23810
23525
22805
22805
22805
5252
2090
22811
22509
22703
23744
13581
49
51
2509
23743
23877
14668
14671
15091
15390
1712
1825
5038
5515
2107
13718
14875
1154
1154
4130
10392
10388
10384
10341
10381
28964
29237
29139
29427
33421
29929
30151
30361
30564
30871
31104
31354
31480
10507
10503
10499
10439
33420
33456
33431
10356
6365
6270
24482
10648
10651
10570
10568
6557
6458
6554
24929
10805
6760
6850
6954
6951
25157
25045
7058
7169
7268
25265
25374
7377
7481
7375
25598
25819
7582
25929
7878
8067
26299
26299
26299
26553
8169
26686
8466
8678
8677
27080
27207
8784
8890
27330
9107
9107
9107
9106
27703
27955
9432
9431
11799
23894
9767
21876
21876
21876
22647
4295
4292
4292
23508
4896
4896
4896
4658
10809
22201
22282
5014
5012
22962
22229
8428
8428
10102
8933
10102
18886
22180
23380
6778
21836
5971
5969
5968
5968
19274
23505
20636
9490
8036
19277
12027
22508
14833
7322
8248
9846
22507
23883
23413
14398
14399
14801
2358
15281
4316
14838
242
242
14666
14532
14532
14942
15090
15387
15234
15545
3621
4249
1356
1464
5756
24176
28967
29143
29429
29238
29238
29334
29527
29827
29825
30154
30364
30666
30467
30872
10495
24271
30667
10464
10465
10460
6367
10724
10721
10718
10567
24476
6562
6561
6561
24928
10879
10804
10801
6764
6763
25261
25041
7174
7063
25373
11265
11265
11265
7278
7486
7586
25596
11429
7692
7787
7783
25928
21649
22333
7883
7879
26424
26295
8173
8273
8367
26813
26682
26942
8472
8579
8467
8467
26943
27076
8789
8788
27447
27326
9112
9111
9329
27701
23304
23306
9437
9658
23273
23895
9884
18529
21736
10228
10116
4414
23511
23513
8313
9580
9464
20409
23120
9699
9314
10634
23663
1445
5611
7230
8613
22257
8097
6816
22594
22223
22544
14674
14674
9765
21036
22402
13399
9511
9512
9478
19040
19967
14267
5635
13428
6489
12023
14394
14796
15230
15232
15540
2176
1244
3125
2625
15233
15697
15544
15544
1713
28970
28969
29146
29339
29243
29531
29433
29830
30157
30264
24373
24268
30470
30769
30670
30875
10717
24691
24693
24472
6570
6668
6667
24924
10875
10871
24805
6770
6964
6860
11103
10953
10947
10946
7179
7066
7281
11344
11182
11181
7282
7388
7385
11428
11598
11508
7592
7694
7790
21650
11683
11850
7888
7887
12019
11934
8177
8176
12195
12196
12194
8475
8474
8474
8689
27072
27197
8794
23170
22830
23646
9116
9113
23900
27822
9442
9442
9438
28073
21719
28071
10868
10868
9775
9775
9885
22935
23561
10232
21525
21453
21453
21486
8665
10146
10146
23629
19462
10561
9814
8648
8648
8648
22777
22167
18890
721
1144
22756
22175
23799
6839
9598
22141
22141
20777
6934
6391
540
18237
19468
14008
6229
8658
7761
13889
22411
14262
14262
14393
14655
14932
14932
15376
4375
4377
1778
6319
5153
5867
14795
15080
14935
15537
1827
287
5141
29057
29150
29148
29343
29534
29437
29833
29729
30051
24369
24267
24267
24370
24266
30161
30474
30471
30573
24688
24468
30878
707
6671
24801
25035
708
927
6965
11099
11095
25145
7185
7183
11336
11339
11174
7288
7497
7494
11593
11504
7702
7701
7797
11681
11681
11681
11679
7893
7889
7889
11932
11846
8180
8376
12103
12190
8479
12365
12546
12364
8905
9010
8901
12634
9121
9119
27818
27821
9447
9554
23183
22192
9779
9893
9776
23573
21524
10124
10121
21520
19885
22956
7117
9311
7731
21627
23015
9700
7045
8408
21601
23108
7948
1739
6216
23136
21447
21900
6871
8154
6841
21685
18981
10955
10955
1022
4408
9474
9378
12559
915
915
14129
14004
14515
14785
15219
15681
2600
4372
3843
3809
1146
52
52
14261
14518
14929
15373
4373
2853
3930
29151
29345
29633
29835
24367
24368
29060
29153
29152
29346
29634
29837
30164
30477
30575
24464
30882
30776
24797
24799
712
822
25142
1033
11332
25472
1343
7499
11503
11499
11499
11330
7803
7802
11677
11677
11677
11586
7898
7993
8084
7894
12011
11842
8185
8181
8378
12099
12098
8484
8700
8480
12361
12359
12451
8803
8909
8800
12815
12720
12629
9127
9124
12901
12901
9145
9145
9452
9560
9449
22534
10472
9785
9782
21563
23763
10131
10127
10127
21526
10562
9851
8530
9694
8641
7507
9928
110
11864
11864
11864
7644
9363
9276
9366
23531
23107
23531
12772
5259
6838
9827
5741
3718
2127
4792
3216
3216
3216
2179
5985
6908
6900
4174
4678
13880
14377
14643
14645
15065
15215
15522
2547
4440
8770
14127
14381
14783
15216
15679
196
3447
3447
3447
10433
24461
10375
10377
29443
29637
29540
29946
30167
30376
24679
24567
30580
30779
25026
24793
24795
30886
6779
25138
1037
1037
25356
1347
1553
11412
23064
23047
23104
1767
1659
11585
11581
23316
1996
7900
8090
11839
12009
11835
11833
8191
8188
8186
12095
12092
12182
8491
8487
8485
12357
12355
8810
8808
8912
12811
12626
12623
12534
12534
9134
9131
9129
12897
12807
12805
9459
9456
9455
9455
9454
9305
9973
8740
9789
9677
9786
3827
2982
2982
10665
10037
10137
10137
10134
10242
10132
10711
10711
10711
8254
11637
8969
6593
6969
7254
9172
112
4070
5870
259
259
2359
11376
10033
8820
10304
22672
9587
9753
11991
12497
12408
8536
10964
9397
11385
8827
3103
9745
3340
3929
1448
1043
14375
2999
2487
936
6739
6125
8819
8819
14642
15064
10429
29446
29738
29948
30168
24678
10489
24677
10488
10488
10488
10428
29949
30278
30060
30060
30583
30682
30682
25024
24789
25023
6876
6873
25134
25248
6978
25353
25690
1350
25688
23040
1880
1663
1662
22840
21505
2000
2115
2237
11916
18980
18980
23353
2363
8194
12091
12267
12087
19887
22698
15650
15650
4860
8493
12354
12350
12346
21654
8925
8814
8811
8813
12622
12527
12527
12527
12523
12617
12704
12521
12690
9142
9250
9138
9135
9135
9135
12803
12799
12795
12883
12965
12877
12870
12781
12951
12778
9463
9683
9460
8717
8425
12758
7258
300
5108
114
114
8533
2500
260
9793
2376
12486
9791
12504
10258
9701
12041
11115
9597
11353
12852
6576
10818
11141
12494
9191
10139
11985
8617
8617
9095
9035
7759
3597
2740
2740
9858
9858
12846
8731
3956
7152
12217
12478
2111
2504
2737
8237
12679
56
10257
4669
7098
188
1653
12767
10556
10552
10481
10427
10479
30063
30281
30280
30485
10790
10629
30383
6881
6783
6783
6879
6877
25244
25244
25244
10865
7089
7194
25463
25461
7304
7302
7300
25687
25793
25685
1885
7614
22831
20099
2004
2122
23185
16007
2494
2367
21662
14349
22042
14614
15036
15038
15494
15187
15647
22363
14351
14753
14483
15189
9144
12520
12701
12516
12513
12607
9253
9252
12792
12789
12876
12785
12784
3830
10548
10545
10541
30174
10786
10702
10621
10623
10617
10690
10616
6989
6884
11010
10861
7203
6986
7201
11166
7309
7414
7410
7414
25680
21586
21586
7619
7722
22848
23762
7914
2245
7913
21872
2497
8204
21689
14219
14346
14747
15332
15489
15492
14477
14748
10782
10778
10774
10770
10767
10933
10929
10930
10925
10921
10775
10775
10851
10917
7206
10915
7205
11006
11083
11002
11001
7421
7421
7420
7415
21635
11243
11242
7625
7623
7621
22885
11489
23760
11573
7920
8011
7916
8105
21926
23913
23910
8406
8209
8208
8302
8405
13727
14088
14341
14476
14742
15177
15031
15329
10924
11158
11154
11077
11150
11068
11070
7525
11239
11404
11235
11231
11227
11390
7626
7730
7729
11485
11657
11481
11482
11477
11562
11565
11473
7922
7921
11742
11738
11734
11730
8211
11728
13962
11986
14086
14604
